602114
604358
604360
850893
850894
853663
853670
885657
885658
949142
958181
970173
1072326
1079763
1083508
1122609
1127686
1130128
1152712
1169718
1216550
1280514
1357359
1406214
1406215
1519956
1534121
1568117
1641373
1641389
1642127
1642237
1645715
1662722
1662750
1662777
1662799
1662809
1662876
1663557
1663558
1663562
1663601
1663605
1663606
1663626
1663716
1663721
1663738
1663749
1663755
1663762
1663765
1663814
1663815
1664089
1664162
1676135
1676273
1692406
1692984
1695538
1702001
1711885
1716116
1722629
1728089
1729814
1744917
1745561
1745681
1745808
1745809
1745814
1754490
1761827
1764315
1766466
1850408
1919195
1919197
1944235
1955610
1977167
1996576
2003197
2012163
2030666
2042905
2066315
2100149
2132194
2188227
2221615
2289545
2320630
2322806
2336300
2432709
2507669
2507670
2552666
2554663
2587323
2593402
2607308
2779974
2796509
2807160
2844732
2868580
2868581
2965918
2973882
2989445
3047146
3049839
3061081
3077978
3114304
3184710
3261592
3307044
3332672
3346509
3367501
3373093
3379728
3379762
3383300
3400173
3403062
3403066
3403068
3404256
3404257
3417302
3425284
3425347
3430478
3460193
3460479
3475232
3475292
3475352
3497126
3497127
3504588
3519940
3536435
3538703
3540466
3543420
3574178
3600893
3628610
3679825
3750072
3808244
3813379
3841533
3861262
3877477
3886959
3904101
3961379
3970357
3970358
3970897
3970898
3994623
4022326
4033718
4052437
4084372
4084578
4184888
4184931
4198924
4245941
4296892
4379382
4404611
4444888
4461000
4476162
4603198
4604378
4666730
4672675
4696506
4702951
4710467
4764272
4784883
4829349
4834123
4834481
4834482
4834919
4837261
4838431
4852291
4901046
4907073
4908294
4908295
4951056
4951057
4983895
4993979
5000781
5002817
5031914
5033978
5064507
5076272
5080709
5082733
5104471
5129301
5129302
5167054
5191223
5195957
5197134
5212540
5254769
5255416
5264871
5269365
5279352
5350990
5505509
5519125
5523336
5523344
5523345
5523351
5523376
5523383
5523387
5523389
5523393
5523395
5523397
5523401
5523410
5523420
5523426
5523428
5523435
5567908
5594501
5641831
5642240
5662062
5702582
5711572
5720809
5733312
5740965
5864452
5971356
5974684
6091495
6138328
6144490
6155071
6155112
6179562
6198850
6343568
6388090
6522555
6527262
6529329
6582674
6666389
6687278
6687279
6716104
6751190
6753753
6759764
6762357
6765625
6770205
6770293
6777423
6780676
6782893
6787602
6793852
6800807
6801424
6808330
6822857
6828204
6829715
6831466
6833771
6833825
6835089
6835794
6838789
6839649
6850470
6862326
6862573
6862645
6875263
6877831
6880242
6882919
6883092
6887527
6889619
6893750
6896464
6897128
6903450
6906550
6910160
6910161
6912893
6915000
6919965
6922478
6926518
6929980
6931684
6932810
6934102
6944472
6945996
6947526
6949845
6951548
6958688
6959372
6959973
6959974
6960280
6960489
6963073
6966073
6966505
6968173
6970494
6971177
6973765
6974274
6996626
6996682
6996693
7002190
7008998
7017593
7054676
7060840
7077743
7078192
7079385
7080395
7081932
7085499
7089672
7091877
7091878
7094785
7095643
7097435
7103798
7103990
7120944
7142658
7151397
7155047
7189038
7205003
7211294
7222124
7252645
7260861
7303665
7363777
7386097
7485716
7490213
7524216
7528974
7565741
7692081
7718658
7719041
7735930
7739526
7742052
7744106
7827043
7879292
7891525
7957735
7991835
8000674
8014774
8049121
8062519
8092278
8092279
8113622
8120225
8130445
8164423
8218906
8229932
8233040
8233377
8239216
8269856
8279958
8290748
8290758
8290761
8296317
8359400
8365721
8366031
8369645
8404417
8404418
8404437
8477224
8505842
8530732
8531445
8531446
8542097
8563894
8563898
8575148
8660395
8714300
8714301
8773811
8833238
8912463
8926651
8953888
9043379
9107102
9107103
9147369
9158739
9158740
9163130
9187412
9243768
9246185
9288324
9297829
9309291
9309813
9325683
9329775
9338753
9346954
9352223
9365693
9378346
9382584
9398324
9398325
9415303
9415304
9489104
9503457
9558411
9563976
9592646
9601757
9629054
9642911
9652478
9659045
9696451
9736937
9740114
9757836
9764000
9788141
9796675
9846128
9852511
9962201
9975023
10024986
10034883
10034884
10048500
10117019
10117334
10117335
10131999
10153005
10171892
10176612
10183224
10196131
10217742
10227313
10273627
10273628
10326684
10347296
10354888
10411152
10424625
10424626
10438599
10448452
10553648
10593237
10613816
10632333
10665626
10689852
10691619
10863415
10915053
10940137
11000130
11039338
11060146
11097372
11106484
11180901
11206194
11311829
11324961
11408526
11463122
11507729
11519301
11530203
11572014
11572015
11613050
11633383
11645749
11657362
11677442
11677443
11680276
11680277
11680284
11721977
11742449
11759266
11786937
11827354
11830518
11858462
11858463
11860697
11869431
11872677
11894398
11897284
11901844
11908200
11953447
12023380
12034816
12037717
12038756
12101434
12101435
12161664
12203261
12280349
12356740
12403477
12406195
12475256
12478181
12502640
12506750
12514483
12574792
12583213
12585515
12603554
12629874
12768097
12810832
12833253
12834582
12834585
12834586
12847604
12847605
12874987
12878005
12902127
12902128
12904435
12905305
12905549
12908705
12912357
12913039
12917806
12919047
12919148
12931651
12935378
13020957
13035657
13038208
13044568
13045020
13050669
13054857
13097510
13098069
13098708
13127370
13127371
13165125
13171079
13173299
13173384
13173454
13173458
13174139
13174255
13219834
13220478
13330799
13340344
13352088
13373775
13376625
13376631
13381511
13400470
13405544
13417321
13425388
13458651
13464044
13571479
13602029
13616752
13652661
13699604
13739373
13746536
13761773
13779110
13788625
13792587
13870636
13884604
13942773
13963763
14024770
14046040
14055562
14128309
14244826
14268041
14268042
14349982
14373212
14378318
14389981
14390831
14407153
14419299
14454634
14489817
14528002
14528608
14551288
14629210
14689301
14756100
14805765
14805776
14807598
14836634
14841369
14874469
14879775
14907653
14924352
15046095
15077308
15100519
15100520
15197671
15208165
15214867
15327889
15376093
15396324
15396325
15418589
15425826
15455497
15455498
15461394
15470648
15520589
15533497
15583132
15601897
15601898
15691371
15698202
15759446
15791253
15800371
15828817
15830837
15842284
15927255
15958489
15971511
15971512
16011572
16034208
16034209
16034221
16034233
16034255
16034261
16034262
16034266
16034267
16034271
16034274
16034275
16034281
16034303
16034328
16034343
16034344
16034360
16034362
16034376
16034380
16034384
16034387
16034396
16034408
16034415
16034419
16034421
16034425
16034426
16034430
16034434
16034438
16034542
16034547
16034570
16034758
16034763
16034786
16035047
16035071
16035080
16035114
16035232
16049299
16049300
16049301
16051552
16084130
16148694
16148695
16156690
16196372
16235676
16318181
16336706
16336707
16402466
16402467
16441549
16441552
16441555
16441556
16441558
16479305
16509682
16514597
16517876
16671943
16671994
16672097
16672156
16672181
16672458
16964652
16975420
16975421
16975429
16980933
16980934
16986753
17007696
17177759
17194678
17231940
17235290
17277495
17369399
17402038
17409394
17429843
17440633
17536909
17537019
17551369
17563295
17602582
17624239
17632698
17679445
17699106
17792672
17844904
17988490
18039368
18118375
18125165
18132172
18166454
18180069
18195981
18196570
18214603
18254862
18269507
18270564
18270565
18283394
18338037
18369189
18455094
18458067
18467079
18483797
18483798
18574657
18574658
18649504
18716843
18762738
18793206
18804972
18816388
18830428
18838731
18850942
18863713
18866621
18885038
18901728
18907811
18920893
18962451
18983377
19019132
19022731
19044907
19044908
19049666
19054271
19080325
19082908
19093603
19098459
19100638
19100784
19101127
19103597
19106304
19113889
19114916
19121199
19122209
19122408
19124682
19126812
19126813
19126877
19127249
19129609
19132095
19135387
19137147
19139360
19139460
19142995
19145729
19149162
19156164
19159800
19160509
19163468
19165190
19168638
19173874
19177323
19177568
19180646
19181198
19192817
19192818
19192915
19192916
19194035
19194564
19194565
19194969
19194972
19199109
19212674
19214102
19214311
19215020
19215200
19216974
19218408
19219399
19222200
19225744
19226532
19226573
19229119
19236916
19237046
19243021
19244540
19245270
19246764
19248631
19288888
19303599
19338852
19339256
19354562
19366293
19385390
19412915
19412916
19448440
19451336
19529215
19546936
19585019
19608857
19628626
19673859
19736302
19861074
19868258
19979703
19981574
20049791
20061156
20087437
20101302
20116385
20116386
20330970
20330971
20344277
20408290
20442751
20480540
20530585
20541852
20559303
20572143
20573054
20643976
20651809
20656790
20703503
20711134
20712475
20723131
20750336
20750383
20804364
20811855
20858306
20894494
20923620
20959695
20963871
20975393
20985289
20992456
21013101
21019363
21046011
21061196
21061197
21090077
21146092
21155034
21155098
21169047
21176234
21181051
21191580
21204128
21204411
21205222
21206857
21230303
21259097
21260225
21260538
21385649
21401087
21409335
21409343
21409351
21409365
21409369
21409375
21409376
21484661
21484697
21484703
21484768
21484771
21485270
21575382
21618675
21691087
21697202
21741739
21757576
21791572
21854286
21872945
21900883
21938544
21961186
22049505
22060729
22115637
22176392
22220092
22232254
22232255
22261439
22267608
22301717
22301718
22324130
22359310
22377500
22445792
22499009
22517807
22534527
22575254
22647889
22659350
22674938
22679236
22679239
22679618
22709495
22715391
22765074
22790809
22800835
22805922
22821535
22840249
22880245
22882645
22904947
22924914
23030095
23128113
23154022
23170843
23177078
23253415
23319930
23372204
23472674
23475081
23493773
23504182
23536812
23562681
23570870
23627802
23679208
23728626
23739861
23742029
23773797
23839613
23862560
23894469
23928717
23961325
23963406
23973336
23993298
23993353
23993354
24003466
24003467
24009001
24043858
24221066
24259025
24298698
24303869
24309182
24309268
24341050
24342974
24342975
24345813
24356375
24365775
24378012
24386479
24408510
24420384
24420385
24515463
24535741
24569524
24575694
24615729
24673789
24723203
24762365
24762366
24778986
24818265
24826144
24878959
24908163
24915806
24915807
24926002
24946045
24961690
24964707
24994143
25034070
25034943
25034944
25040426
25048513
25212527
25237095
25292018
25314398
25327036
25364267
25364415
25366912
25422719
25451324
25512816
25513490
25547661
25600261
25637170
25648174
25691376
25822521
25828593
25856296
25945825
25959497
25985092
26000605
26035614
26048195
26118130
26138464
26141509
26150250
26175202
26203796
26270392
26300374
26319432
26418486
26429113
26455408
26473775
26490538
26521040
26530451
26530452
26533740
26544291
26549918
26561854
26591350
26618240
26620400
26659836
26679151
26695829
26697012
26721158
26748109
26758717
26765931
26804308
26808723
26808724
26814454
26822197
26822198
26826952
26828479
26834118
26837433
26853628
26853629
26854295
26865084
26870930
26871707
26874563
26878509
26924610
26925235
26976554
26979339
26987265
27048885
27063595
27064917
27064928
27065026
27065123
27066431
27072537
27074879
27089471
27181897
27186044
27235398
27243961
27245789
27253335
27271899
27303380
27333613
27414479
27428323
27465200
27489450
27512582
27515150
27529339
27696220
27720940
27743697
27883572
27883584
27895608
27927512
27947098
27980843
27991016
28015998
28029769
28033192
28055461
28056415
28061466
28063301
28095079
28111371
28148421
28189897
28254804
28254971
28290107
28323414
28345619
28352134
28357418
28369933
28392092
28402484
28413189
28435296
28452757
28514856
28529558
28542289
28569893
28627572
28648722
28648723
28691807
28703714
28706161
28736701
28738217
28789504
28814124
28816105
28818561
28839176
28904532
28941723
28941724
28947407
29004806
29045201
29053377
29071564
29076770
29087608
29138515
29159511
29165194
29190636
29283053
29314485
29320365
29333230
29349025
29379469
29384345
29388128
29412424
29476182
29487616
29505032
29576686
29583258
29592360
29598344
29605296
29612101
29618939
29630621
29689050
29709596
29709692
29721646
29792975
29822422
29864622
29928772
29960041
30003601
30017898
30045330
30097700
30110677
30112394
30144466
30185622
30247711
30304956
30404578
30406666
30429534
30433935
30438982
30443088
30443477
30443478
30446160
30446161
30456330
30497121
30543322
30585963
30596371
30631551
30677635
30710761
30787028
30804669
30827289
30845371
30896969
30900755
30900756
30928303
30928744
30946771
30953314
31005795
31005801
31007321
31020128
31039665
31067357
31110299
31111568
31137065
31174552
31175308
31271668
31271669
31325591
31354809
31366070
31366072
31382150
31651642
31658658
31695926
31749981
31762636
31773008
31773009
31787509
31806485
31889339
31900468
31956638
31987277
32036275
32083751
32083752
32090224
32123774
32159950
32185541
32209404
32213732
32235085
32240799
32290465
32315452
32350309
32463116
32474551
32482138
32488057
32542985
32555894
32588412
32609345
32614455
32624778
32636012
32659136
32671997
32714765
32788620
32801514
32805227
32841160
32841161
32845998
32845999
32854459
32874243
32905796
32918966
33000051
33059990
33084722
33119377
33122271
33154549
33241955
33279145
33371444
33374029
33400030
33404948
33432466
33487470
33561217
33572390
33598119
33708866
33739382
33759304
33760955
33834689
33834699
33834800
33834838
33834884
33834901
33835035
33835202
33835215
33835255
33835374
33835375
33835396
33871329
33890634
33928305
33978177
33980763
33987928
34082277
34087255
34124749
34150958
34181151
34227016
34234494
34249809
34254118
34254591
34254601
34260383
34294762
34330183
34330525
34370899
34387151
34417237
34457816
34476812
34477622
34480071
34483345
34483387
34489005
34491806
34491807
34496690
34496846
34496879
34499616
34502785
34505362
34506618
34507480
34512311
34515106
34517589
34518024
34525799
34525832
34527506
34527829
34530590
34531564
34533430
34535485
34536066
34536820
34536821
34539219
34539684
34540149
34544810
34545058
34546189
34546774
34549033
34556715
34557334
34557731
34558041
34560830
34563885
34564659
34566005
34566006
34566587
34566606
34566919
34567237
34567954
34568005
34568042
34568086
34568125
34568470
34568993
34569001
34569498
34569563
34569763
34569877
34569947
34571034
34571159
34571205
34571211
34571899
34574728
34575087
34626122
34626123
34633073
34640498
34643344
34643880
34644861
34702329
34780948
34799113
34872771
34892684
34892685
34974492
34978924
35024693
35082350
35082351
35244643
35270339
35306609
35319637
35330406
35350004
35383864
35421373
35436640
35446539
35510584
35512267
35512268
35518741
35590289
35645410
35647700
35664450
35690863
35719173
35833105
35863844
35904405
35907743
35907744
35910532
35941550
35944237
35964319
35991225
36018638
36067561
36071721
36175097
36183050
36207429
36227488
36243147
36245789
36252404
36285200
36316762
36396127
36418767
36418768
36453658
36520062
36526522
36544809
36547037
36606133
36702795
36714372
36749351
36756640
36756641
36765733
36890653
36910701
36921380
36947094
36954575
36968318
36990972
36990973
36995424
37006049
37014791
37081142
37081143
37165145
37210447
37336199
37340959
37348639
37358447
37368207
37424188
37424189
37440813
37475261
37494836
37544428
37556525
37557814
37567690
37567691
37641639
37646919
37653279
37660796
37669615
37676829
37684799
37727891
37736168
37753685
37755348
37762627
37876506
37916824
38005327
38033177
38036028
38039763
38137867
38163421
38199844
38199845
38267485
38290039
38298033
38323889
38386325
38395745
38398735
38398736
38444214
38447915
38557195
38580622
38589735
38605267
38724748
38760953
38773786
38787603
38792806
38800382
38821597
38823918
38843319
38904957
38939446
38996859
39015311
39046182
39049526
39049969
39066278
39077766
39095244
39095445
39132216
39166445
39171665
39188450
39215991
39249815
39309303
39309831
39365346
39406691
39408655
39408656
39413578
39416640
39439999
39444979
39457019
39463398
39470087
39473177
39513403
39513443
39519435
39519436
39520946
39521338
39521518
39557670
39557671
39604342
39650272
39685736
39696907
39763383
39763416
39763468
39763969
39766254
39771590
39772483
39774309
39774540
39793277
39817375
39847140
39857149
39916058
39920816
39971820
39979064
40009409
40009413
40009414
40009415
40009419
40009425
40018949
40024567
40035661
40092905
40113785
40121549
40121550
40171034
40172332
40181431
40182757
40187579
40193288
40194996
40196068
40209319
40219394
40228483
40235198
40235383
40240702
40244831
40311052
40311053
40329122
40340313
40342694
40405582
40417389
40419428
40434013
40459011
40464143
40470353
40470797
40472262
40472263
40484723
40486471
40518005
40556513
40556514
40596012
40615306
40626826
40652520
40656640
40656641
40675566
40680374
40764501
40773511
40787979
40798875
40807383
40827422
40827450
40844054
40853560
40866483
40869604
40911779
40912999
40949140
41027387
41027388
41037330
41041152
41133419
41135314
41135315
41157565
41249565
41257564
41306391
41448745
41495645
41495646
41497945
41509357
41547527
41547698
41616761
41640937
41726014
41728704
41809194
41810331
41830752
41830753
41839385
41839386
41875080
41875081
41883165
41888105
41915589
41915590
41949522
41978299
41978300
41983195
41999894
42035768
42035769
42082810
42101213
42139025
42158536
42181305
42208966
42210136
42220476
42233427
42233468
42242204
42242205
42307944
42311803
42328380
42428072
42531137
42542592
42548416
42629968
42661000
42670767
42676671
42700737
42716083
42723666
42755371
42791932
42830784
42830785
42983816
43033882
43070371
43074671
43128542
43144712
43159977
43172597
43185457
43209868
43240120
43244772
43268050
43351234
43359446
43385440
43387287
43398750
43407362
43462481
43467035
43467036
43528657
43566623
43569206
43574386
43605625
43618761
43658540
43667233
43699586
43716767
43722665
43782803
43792508
43803981
43864606
43869202
43871501
43891421
43988682
43991728
44006914
44006915
44042589
44236061
44239550
44316306
44326393
44326394
44344230
44344241
44352417
44355649
44405655
44407803
44469434
44478819
44500014
44510234
44510235
44512074
44544230
44695904
44732890
44744854
44746765
44806068
44865590
44869551
44897823
45007134
45063530
45256998
45270989
45309982
45353540
45353541
45490686
45667705
45724855
45725359
45725404
45781264
45817025
45821213
45825057
45872543
45933549
46032975
46104688
46128399
46143490
46172089
46204498
46222602
46258408
46258409
46340029
46343196
46422701
46485324
46539745
46577751
46599642
46614533
46731689
46750076
46754590
46759336
46763009
46794346
46840259
46875175
46879684
46886721
46886857
46891822
46893112
46893484
46893496
46893741
46893962
46893973
46895466
46895600
46896466
46936819
46939776
46939778
46939790
46939795
46939898
46939924
46946884
46953580
46978216
46978221
47048191
47058767
47070306
47070345
47071983
47072141
47076056
47081779
47108132
47112034
47191821
47216347
47270669
47271827
47271828
47323841
47355344
47386206
47388417
47428016
47442801
47521882
47540878
47571393
47595951
47635267
47641201
47649833
47706907
47716039
47782357
47795628
47800396
47836452
47858219
47861717
47861718
47896576
47958326
48011121
48060686
48083361
48188093
48232814
48256165
48267821
48297008
48347546
48367244
48414770
48418769
48420758
48448404
48481427
48510209
48591514
48603958
48625089
48631763
48675125
48685493
48697255
48764188
48779703
48820290
48840590
48846366
48893675
48977976
48977977
49063809
49090303
49113245
49140917
49185796
49210457
49237550
49259525
49275727
49280714
49359434
49419430
49516076
49528668
49543819
49589513
49603935
49756959
49811052
49893265
49900545
49901051
49908024
49913650
49929341
49939433
49959963
49975427
50061567
50226813
50230188
50248471
50279213
50286873
50295076
50324586
50349623
50377672
50377673
50437418
50490495
50504518
50505075
50520697
50552022
50558352
50694028
50714011
50896961
50896962
50911854
50915919
50917627
50968153
50969501
50969502
51078482
51119014
51190549
51295051
51329032
51350538
51351848
51430991
51443926
51480627
51531037
51610322
51615272
51690002
51702447
51702453
51763155
51765888
51807053
51823560
51840394
51857505
51868134
51880918
51915694
52045685
52064660
52077772
52092659
52093568
52116958
52162868
52181255
52189238
52189239
52411221
52449913
52502722
52540931
52574177
52648287
52755800
52764117
52807468
52822638
52868384
52868385
52893547
52935693
52957202
52984540
52984541
53009194
53078059
53078060
53141595
53168518
53213424
53220495
53262213
53266355
53268677
53304696
53310692
53337789
53439444
53478767
53486581
53488070
53490888
53514369
53571726
53615745
53643837
53658823
53706668
53787312
53826185
53879505
53945893
53972658
53993254
54208974
54217263
54232775
54252538
54252540
54266380
54268666
54286177
54286178
54319066
54348073
54363763
54386363
54392460
54409480
54409715
54431846
54436117
54482546
54488230
54494641
54535343
54554369
54555716
54564001
54566139
54570934
54574160
54574396
54582237
54584732
54588593
54597231
54601993
54602516
54615512
54650537
54681967
54763710
54766773
54771937
54790039
54807979
54825177
54829081
54834165
54841261
54843087
54843253
54847241
54847242
54854301
54858306
54866619
54899666
54924099
54931228
54943563
54959063
54961617
55009287
55175129
55283186
55301829
55371628
55494927
55513405
55546388
55566335
55594230
55631537
55632162
55655601
55655602
55698143
55706341
55706703
55750860
55760179
55760180
55792435
55801453
55807870
55808810
55821820
55834532
55884845
55891799
55891800
56001800
56039642
56093735
56105271
56107782
56122484
56134610
56152272
56152418
56199300
56217345
56222834
56225686
56240947
56302183
56362937
56386328
56386329
56395876
56400414
56423274
56428047
56431874
56460141
56500596
56522682
56534896
56534897
56647809
56717144
56718270
56846793
56901526
56968295
56978990
57018041
57097762
57225540
57330120
57371200
57405018
57416517
57429260
57429462
57440563
57473344
57476098
57476141
57547995
57613825
57633882
57640302
57654747
57705434
57707380
57734116
57734117
57758699
57895899
57905433
57971408
57975972
57977411
57984194
57997091
57998388
58029690
58128457
58128481
58131331
58140872
58249628
58254857
58254859
58254900
58267000
58270792
58270843
58270844
58270850
58270851
58271860
58271864
58272165
58273381
58273706
58273708
58273719
58273730
58291908
58338950
58339656
58350869
58357784
58359967
58402339
58411698
58497617
58650944
58718507
58755885
58755886
58855938
58936478
59002203
59011880
59021721
59034122
59061410
59090098
59100074
59106396
59122699
59124366
59130237
59192661
59353241
59411190
59435753
59489268
59508754
59514892
59516092
59542020
59566523
59584559
59627114
59644617
59644618
59649574
59706735
59717533
59727255
59764671
59766362
59782308
59886766
59903383
60057780
60103927
60129381
60129382
60132979
60144138
60144139
60153677
60175050
60210119
60210122
60210142
60227376
60234193
60245004
60289520
60377294
60422884
60487015
60712404
60753658
60775922
60776546
60780046
60780053
60780054
60780060
60894117
60992514
61011121
61025650
61025984
61029336
61030987
61034128
61036083
61038152
61040796
61049256
61049274
61049698
61051036
61051037
61067719
61096316
61140864
61156578
61196048
61197413
61221015
61277391
61342226
61378859
61490893
61497243
61526913
61529185
61529345
61564337
61615358
61745318
61746677
61746678
61756736
61775301
61796728
61807819
61828390
61865776
61872409
61891596
61922133
61944993
61959078
62067251
62076722
62134893
62155047
62158458
62166026
62197415
62236205
62247386
62254233
62298198
62322018
62343649
62347750
62386903
62422802
62439871
62439872
62499271
62506685
62520630
62573307
62604869
62610482
62672300
62715399
62721665
62781726
62783674
62783675
62809506
62822823
62861628
62906022
62940055
62947084
62954263
63083649
63097874
63098624
63151265
63162287
63241332
63241351
63241573
63268595
63385320
63615383
63642122
63642123
63656480
63672191
63693665
63706820
63770002
63796518
63796519
63810494
63812981
63841825
63993114
64035561
64069217
64082233
64151544
64151717
64162083
64163226
64247086
64266581
64273916
64285574
64289323
64297787
64316856
64331962
64350727
64350731
64350732
64350737
64350739
64373729
64373731
64373732
64373733
64373736
64373772
64373776
64373782
64373789
64373791
64389765
64419650
64434259
64446939
64479338
64479861
64483379
64518228
64534573
64547890
64551664
64560584
64560585
64598178
64599758
64604289
64621580
64622899
64675996
64682701
64754483
64769886
64845898
64848045
64902860
64992919
65001677
65046738
65097469
65218307
65242680
65253847
65259175
65315040
65330470
65330471
65336287
65352061
65352062
65356512
65356579
65368588
65368717
65372552
65372567
65384271
65387430
65387431
65406936
65483387
65492887
65493710
65494006
65494853
65503423
65504083
65507239
65525789
65530964
65531932
65542771
65543058
65543077
65544452
65545412
65547868
65548674
65548923
65549086
65554348
65557690
65559269
65560657
65560865
65561573
65561574
65562807
65563092
65563287
65564405
65564872
65588135
65597260
65608233
65608234
65643517
65644383
65644391
65644419
65644430
65645707
65646634
65648221
65671774
65671833
65672069
65672070
65680176
65695192
65700231
65700570
65718452
65718646
65764155
65836184
65836607
65863246
65968467
66056531
66066707
66081094
66117780
66174669
66178943
66188466
66347025
66352762
66356386
66363782
66372076
66405818
66409366
66411649
66422916
66450211
66482966
66498269
66631687
66631701
66654545
66659633
66709072
66749980
66758994
66802114
66807412
66872838
66893054
66895488
66897895
66964453
67080067
67080720
67080730
67080802
67081064
67081579
67081769
67082071
67082334
67082498
67082499
67083024
67083731
67085210
67131127
67228362
67370081
67406099
67473266
67484945
67494759
67494760
67501790
67514238
67559556
67609489
67609959
67614459
67629863
67650012
67665327
67716343
67761104
67777190
67781094
67781418
67805369
67805370
67809185
67820720
67833124
67833125
67844614
67849339
67873202
67875930
67894432
67932048
67936873
67996450
68023585
68027847
68037437
68037438
68044846
68047525
68047526
68053094
68053559
68057455
68058522
68061554
68062343
68063307
68063671
68067437
68071138
68071265
68073636
68074092
68075977
68077666
68078487
68080011
68080807
68080976
68082794
68085310
68085485
68086365
68088590
68092240
68092550
68092605
68092747
68094405
68099198
68109999
68113308
68186800
68190848
68268864
68297820
68335699
68389290
68389304
68389328
68389329
68543697
68555167
68712876
68716367
68731999
68735576
68735582
68736065
68736616
68736617
68737681
68740035
68747091
68864109
68865231
68874432
68879499
68879508
68879558
68945757
69024000
69063244
69073053
69076389
69164362
69164363
69175745
69206329
69233416
69479003
69503239
69522492
69670762
69672340
69756837
69787660
69799603
69830449
69883681
69883702
69883989
69883990
69884095
69884097
69884098
69884277
69884289
69937788
70013461
70017006
70043387
70051658
70102528
70133395
70159388
70178374
70253199
70265881
70306327
70333879
70383178
70398271
70466256
70538946
70545585
70586690
70616437
70620970
70622435
70653227
70660961
70693048
70710308
70734930
70773179
70839166
70941518
70963579
70963580
70973229
70985055
70994978
71017955
71031249
71031255
71074049
71075848
71093668
71124292
71124841
71138231
71143144
71158246
71208121
71221300
71352789
71377875
71441185
71503975
71507383
71514484
71514950
71516328
71516563
71517009
71532905
71559046
71565922
71587663
71591118
71638149
71650643
71668509
71668526
71674109
71685554
71698443
71711562
71723669
71732935
71780592
71808362
71809762
71839490
71849492
71873395
71889199
71892559
71893239
71977383
71996748
72017674
72026021
72036909
72143911
72228330
72504231
72554955
72593591
72612308
72635550
72637529
72695225
72750847
72766144
72813640
72839311
72863591
72914320
73004086
73072269
73101679
73127654
73127655
73140828
73254293
73301457
73352121
73353222
73422459
73471029
73471033
73471034
73471035
73471041
73566621
73617574
73617575
73638692
73665283
73957395
73982762
74026219
74026220
74194786
74234757
74307313
74336707
74454266
74500979
74512700
74533607
74551794
74551795
74553677
74572172
74572176
74576208
74616302
74627176
74630009
74637998
74645266
74646242
74675931
74757169
74776237
74777943
74843910
74875181
74875594
74896295
74896296
74923808
74924721
74989510
75029551
75036893
75039700
75039701
75109173
75114313
75149688
75197889
75238384
75254342
75323303
75326909
75336315
75336316
75346503
75349800
75368874
75372640
75372641
75389599
75389600
75403930
75414290
75434615
75456034
75477866
75495821
75536745
75541413
75541894
75543418
75543576
75543598
75547839
75561821
75655862
75678747
75723684
75764840
75824232
75824713
75840445
75874529
75902721
76085843
76112762
76226505
76239575
76279993
76280059
76300789
76324936
76434747
76467930
76532359
76557475
76558706
76663296
76663297
76666277
76679044
76680992
76699159
76760192
76774382
76788268
77025993
77027067
77032002
77108944
77112982
77254161
77285297
77296535
77330569
77381471
77431034
77433915
77512951
77532001
77568301
77568470
77580368
77592872
77643074
77658529
77696939
77709888
77788995
77812206
77875732
77878856
77914181
77975227
77975876
77975877
78046403
78077346
78098911
78142586
78151416
78165081
78174611
78195747
78228845
78244598
78244648
78244867
78244868
78245178
78245208
78282950
78283484
78335545
78345989
78355654
78456887
78480291
78526947
78565113
78605624
78605625
78652676
78706112
78802117
78846385
78846386
78846455
78846456
78846463
78846720
78846914
78847252
78847352
78847353
78847354
78847392
78847664
78848058
78848093
78848199
78848336
78848361
78849740
78849745
78849770
78849778
78849779
78850066
78850626
78850707
78850785
78855561
79218443
79252736
79431562
79507349
79578361
79644708
79797415
79811806
79892346
79892347
79950894
80007878
80220929
80233367
80348885
80355767
80458843
80604662
80689621
80694541
80697468
80700193
80701370
80702391
80711957
80760145
80772504
80790960
80790961
80835111
80895863
80914960
80947594
80947603
80947604
80947613
80948033
80948045
80948339
80948340
80950069
80950070
80950074
80950149
80950156
80950215
80950319
80950364
80950376
80950391
80950393
80950501
80950511
80950522
80950558
80950576
80950724
80950728
80950732
81093814
81142141
81142142
81170008
81192011
81192035
81192055
81192060
81213701
81268050
81283053
81349638
81349639
81364043
81418942
81473514
81488535
81495140
81512013
81512023
81526943
81527540
81535360
81559894
81653693
81734401
81746854
81851887
81876460
81994801
81994802
82021450
82090058
82093885
82108907
82128284
82136734
82152694
82156178
82174293
82182095
82251653
82251700
82251923
82252246
82252247
82252265
82252349
82253286
82253320
82253325
82253339
82253394
82253420
82253519
82253528
82254164
82282401
82290880
82303395
82335616
82358375
82399136
82400428
82439094
82448207
82510506
82510603
82517818
82579463
82587843
82603849
82641578
82670494
82692280
82694203
82694220
82748417
82765069
82765070
82819260
82826826
82868061
82877309
82898089
82975641
82989375
82989734
83103085
83160417
83167086
83170547
83184975
83218504
83268913
83308772
83337613
83350831
83354600
83354620
83354623
83366392
83485778
83496405
83497789
83509957
83574505
83590362
83601544
83601545
83691406
83745176
83745177
83864230
83923369
83973079
83978360
84001393
84019903
84030977
84033394
84043014
84047188
84147874
84166821
84222986
84404306
84534998
84574320
84574321
84574322
84574324
84574344
84574345
84574348
84574350
84613062
84619145
84750711
84795874
84801733
84888155
84900825
84929490
84935092
84979048
84979049
85103891
85120349
85122114
85156484
85201752
85335978
85335983
85478329
85504652
85545990
85549525
85549526
85610913
85646016
85646025
85646032
85648863
85653586
85663410
85678875
85717407
85720648
85728966
85736810
85765030
85785977
85787227
85789672
85790235
85792303
85796469
85796470
85796928
85802103
85802104
85803861
85804457
85805620
85806070
85809749
85810550
85810775
85812497
85812661
85820124
85822809
85822810
85823943
85825144
85826401
85826885
85826902
85827887
85829589
85830895
85831731
85834131
85836425
85837261
85837262
85839846
85843460
85845949
85852011
85853423
85854716
85858767
85858823
85859874
85860633
85861854
85862423
85864226
85864944
85866698
85868055
85868740
85869488
85877814
85878071
85881084
85885753
85890376
85890586
85906549
85920463
85924493
85924942
85926108
85926118
85926882
85927958
85928308
85928370
85928450
85928530
85928583
85928699
85928706
85928723
85928745
85928749
85929085
85930803
85931160
85932600
85932603
85949037
85967687
85973067
85975031
85976032
85976101
85979377
85980636
85989363
85990271
85997646
85997647
85999906
86005100
86020481
86028558
86030291
86034757
86036824
86038791
86042520
86044450
86045350
86045674
86045722
86047872
86048680
86049164
86050544
86055904
86063635
86063636
86065853
86068127
86068450
86068520
86069797
86070898
86072950
86073167
86082079
86084160
86084431
86084705
86084822
86095408
86095961
86125349
86134759
86141895
86141896
86142350
86184372
86185957
86187358
86195247
86200141
86202020
86229162
86244474
86244561
86245379
86290267
86303415
86322484
86327670
86327671
86368456
86436034
86450077
86452359
86483192
86511370
86580217
86580218
86589222
86612422
86631922
86680708
86681707
86681954
86682505
86682932
86683225
86683247
86684136
86684344
86684345
86684470
86684525
86708809
86733236
86824642
86842097
86842101
86845625
86857344
86868086
86936699
86939398
86976703
87102381
87107657
87107659
87116812
87127154
87142055
87145223
87148666
87148719
87159968
87168722
87178614
87183651
87184744
87196681
87202897
87237519
87268466
87280141
87314195
87329454
87330651
87330990
87389468
87430294
87446645
87449965
87469846
87469999
87529250
87529251
87545978
87586881
87593556
87668317
87668318
87700097
87709220
87772529
87798784
87823670
87897601
87918720
87988440
88082013
88093044
88120156
88173152
88215384
88296457
88320905
88405066
88485996
88486958
88525056
88543640
88596256
88650250
88735643
88741091
88802329
88810955
88835156
88887076
88892250
88892251
88947418
89054650
89054652
89134603
89136865
89154657
89189642
89189643
89307892
89325305
89337364
89435430
89489078
89548586
89561597
89561598
89590091
89621621
89626288
89748768
89748936
89765076
89812328
89821716
89842213
89990358
90002087
90048594
90072967
90075109
90215468
90228423
90282952
90298268
90307390
90374935
90392445
90392446
90392448
90466247
90479353
90499080
90559813
90636224
90638993
90667293
90703092
90706978
90709778
90820527
90820528
90855040
90861556
90862940
90864413
90864987
90973261
91013337
91021392
91060998
91096488
91111561
91134863
91212539
91214395
91248479
91289306
91289307
91292750
91301897
91301898
91301903
91301924
91301944
91357075
91373407
91407855
91435957
91446185
91446186
91491991
91492931
91519203
91589020
91596056
91620949
91620982
91632944
91648751
91659257
91662089
91668023
91739323
91748725
91773693
91779830
91789645
91841579
91884195
91885441
91891558
91909667
91911823
91929064
91964055
91964056
92050120
92103419
92105362
92105363
92165562
92168332
92180519
92210092
92224015
92299422
92299423
92309586
92332426
92405439
92452393
92471957
92481956
92584627
92643290
92668172
92710751
92714176
92771936
92771937
92784467
92787638
92870079
92940999
92943556
92974299
93135530
93203819
93266848
93298414
93410840
93579510
93731656
93762808
93763079
93791270
93791973
93793230
93793335
93793830
93794288
93839405
93932555
94059592
94091583
94107304
94113303
94117024
94175125
94246898
94246899
94248281
94256684
94287293
94290822
94306677
94323670
94362864
94363497
94368642
94372455
94378331
94400788
94431533
94433446
94435743
94525431
94615243
94627509
94689719
94766053
94790331
94815360
94819247
94845786
94865858
94956400
94983006
95002244
95002245
95060145
95087607
95087608
95111216
95155268
95155269
95172319
95193185
95241278
95260768
95265211
95296714
95382935
95385859
95447315
95468865
95490731
95502812
95502813
95504067
95590458
95620883
95628215
95628521
95695598
95704171
95709863
95724185
95725172
95727144
95727145
95750363
95766034
95785074
95816965
95851408
95897897
95949857
95955597
96004042
96027767
96043142
96054415
96059013
96074229
96086640
96092360
96093145
96137126
96146563
96180104
96182028
96204434
96215704
96222833
96237592
96242427
96270739
96276963
96304339
96312630
96392164
96422669
96426239
96444697
96461768
96465056
96513149
96524298
96542429
96556691
96563609
96581597
96587635
96587636
96590222
96592842
96596004
96628962
96652926
96677182
96697609
96723252
96729731
96737510
96770013
96815403
96843898
96889666
96900254
96913224
96913316
97024906
97029983
97033936
97041741
97054426
97092057
97137155
97209844
97217730
97219752
97224016
97225007
97229740
97231725
97238600
97282368
97300094
97302468
97302469
97311511
97319932
97320459
97320587
97320766
97320770
97321323
97321395
97321396
97321401
97361500
97361508
97367972
97376891
97400240
97407682
97425887
97425888
97457919
97470913
97470914
97486453
97503900
97508848
97551334
97673890
97764038
97789612
97950429
97991347
98003765
98012012
98037744
98097251
98107089
98128542
98140510
98155941
98198082
98240335
98276074
98298391
98324545
98347875
98417396
98425419
98461052
98469147
98487425
98493606
98531513
98537422
98557839
98570655
98589054
98611967
98657935
98667541
98667542
98760223
98781821
98792260
98814891
98814892
98831914
98857971
98892548
98899427
98916429
98924214
98934919
98952530
98952531
98984956
99008248
99009062
99017306
99041119
99041120
99079346
99160485
99173702
99185880
99220952
99232140
99270003
99292019
99304846
99333028
99334437
99352936
99422120
99433996
99435516
99447461
99447588
99467627
99476255
99510116
99543396
99554525
99563631
99629890
99639824
99641764
99686483
99702505
99744409
99748185
99749138
99750752
99752127
99753292
99754641
99755080
99758608
99760149
99782992
99786262
99792348
99792349
99793999
99796954
99797153
99799182
99799601
99800104
99800395
99802162
99807008
99807593
99809791
99813502
99857296
99926597
100061744
100072375
100134085
100134086
100202988
100241372
100292493
100309375
100322519
100332387
100380428
100398830
100470821
100477554
100545942
100628933
100642050
100677610
100677611
100677638
100677669
100677670
100677681
100677701
100677702
100677703
100677711
100693568
100703886
100736295
100757132
100757133
100840920
100915192
100942360
101079286
101140070
101140071
101275705
101279652
101322571
101362532
101372515
101454890
101562019
101602452
101630476
101665544
101677224
101705126
101800325
101837380
101864459
101959079
101959080
102010296
102020327
102035108
102035117
102069897
102093409
102133597
102147942
102208500
102277807
102296816
102307173
102330432
102344830
102345635
102380104
102397425
102494506
102704673
102704674
102713340
102713485
102750475
102772534
102804535
102826742
102864442
102866558
102867595
102882251
102892528
102911314
102949916
102950726
103001074
103031735
103097131
103122397
103124448
103127355
103216032
103226297
103275840
103287625
103355934
103355939
103355958
103405907
103430618
103455101
103609580
103610290
103672125
103688057
103688797
103690857
103711691
103789191
103791780
103791781
103803208
103806392
103919009
103922192
104035573
104091852
104111597
104127028
104163592
104164853
104217509
104230926
104269373
104393185
104415016
104445059
104462321
104463548
104482961
104483051
104507907
104511025
104642715
104645996
104731375
104772563
104772800
104772982
104773501
104773780
104773781
104773955
104775060
104775252
104775395
104801257
104816682
104939274
104949733
104962633
104978178
104978179
104986790
105020825
105028178
105063747
105134634
105139450
105171273
105172239
105193693
105238185
105239092
105249234
105349053
105364744
105369623
105447279
105561078
105578383
105585951
105648475
105659904
105663962
105705907
105712781
105714562
105731684
105737600
105745711
105780215
105789071
105816494
105843512
105881649
105883804
105896229
105931456
105933164
105934153
105953530
105962401
105970626
105974669
106020311
106041242
106051902
106161385
106163850
106170452
106186375
106224851
106260608
106273320
106273366
106276037
106278021
106352832
106392062
106394941
106434991
106467921
106575011
106581260
106604664
106604665
106605646
106632197
106652155
106672020
106672027
106700542
106715909
106748798
106769491
106818597
106895518
106921309
106943886
106960561
106993961
107014530
107126268
107169460
107175508
107175509
107222674
107260564
107266334
107281103
107303934
107309077
107412885
107423571
107427313
107441731
107455683
107456568
107458201
107459185
107459186
107563699
107567433
107620922
107627807
107644420
107661182
107661183
107670921
107686806
107687035
107706116
107777392
107802333
107820656
107822076
107870967
107912211
108028988
108097853
108102799
108114990
108181454
108181455
108201019
108204558
108221170
108225081
108230974
108230975
108232636
108232645
108234720
108235050
108235068
108235278
108235364
108235381
108235595
108243518
108243639
108243835
108246973
108251946
108255693
108255828
108255849
108256096
108256232
108257921
108260835
108262467
108264870
108266312
108267998
108279264
108288173
108288274
108289101
108292590
108322176
108325500
108327636
108333211
108337679
108349068
108354508
108363440
108363441
108375874
108376045
108377430
108382029
108383173
108383550
108471374
108475902
108503695
108524479
108534495
108575809
108575979
108577425
108601808
108609950
108662120
108677624
108686141
108753332
108830741
108874796
108928786
108999622
109014359
109014360
109017606
109032826
109061789
109069644
109075949
109075950
109097587
109099524
109112908
109118434
109125389
109129491
109148255
109163822
109219334
109221733
109221734
109226002
109232233
109270620
109286145
109326536
109341352
109341353
109375688
109471567
109503810
109578303
109582902
109603613
109605362
109652979
109699503
109703440
109773548
109773549
109798270
109870772
109888589
109902822
110008393
110063838
110100633
110179142
110229320
110254400
110298249
110354611
110354612
110354752
110368993
110379202
110393894
110398630
110409580
110427605
110464159
110507910
110524108
110525966
110572125
110581619
110627167
110630008
110771533
110778885
110783463
110786105
110804354
110817347
110843339
110971794
111069097
111149158
111185816
111190147
111209404
111227571
111238688
111362475
111451735
111485106
111509096
111586051
111644441
111684836
111720041
111934182
111943172
112013636
112024072
112029061
112087063
112203680
112203685
112203713
112224968
112225111
112225118
112225122
112225123
112225136
112225152
112225158
112225192
112225202
112225211
112225224
112225226
112225230
112225231
112225241
112339702
112339703
112449745
112476839
112484141
112522318
112551618
112568869
112610122
112712069
112738938
112775265
112850790
112865700
112865701
113182317
113189986
113361404
113381603
113396636
113475332
113508826
113602146
113611678
113615960
113733600
113798554
113812548
113817285
113947059
113947987
113949270
113965877
113993723
113993724
114014813
114015086
114055657
114190369
114194472
114199411
114281734
114407345
114428170
114428171
114430013
114486666
114498915
114504419
114509448
114629747
114632508
114632596
114644942
114655881
114677797
114720948
114847590
114873979
114900863
114902199
114925740
114979610
115004604
115060643
115131613
115153087
115161546
115161547
115188136
115193113
115224456
115268326
115394521
115401745
115486188
115509682
115527975
115527976
115542977
115550882
115654673
115665596
115672588
115675660
115684453
115733379
115736691
115747848
115766920
115779986
115786479
115786665
115796976
115797237
115808635
115852163
115857582
115858167
115858695
115860475
115862128
115876607
115881240
115886589
115888283
115889208
115890892
115892131
115893797
115894486
115894487
115896550
115897970
115899150
115899634
115934988
115950992
115958737
115958863
115986408
115993799
116046740
116068940
116075224
116088415
116095283
116096060
116107133
116136215
116136231
116136398
116136399
116136820
116146848
116153624
116155003
116187031
116206760
116236929
116291995
116325795
116404258
116416046
116416214
116418339
116442508
116484299
116499530
116518337
116563209
116586512
116588281
116649970
116690806
116691371
116752641
116797059
116812609
116907615
116912990
116979591
117003072
117005394
117102326
117168466
117172814
117215734
117225612
117257084
117274747
117278789
117303327
117315808
117324080
117326509
117340494
117397448
117401525
117405330
117410156
117487629
117505336
117555998
117616345
117648536
117671567
117699614
117763126
117763571
117765054
117829256
117838897
117841635
118006263
118060673
118077130
118200240
118201593
118226426
118287193
118306887
118329755
118394543
118419817
118448037
118459754
118611112
118616985
118706005
118745448
118776625
118853055
118853056
118853683
118854531
118854949
118855523
118855776
118855985
118865492
118891686
118893285
118905954
118910439
118966908
118980779
119017054
119023086
119023111
119023127
119023395
119023396
119023544
119023560
119024797
119024907
119024922
119024958
119025038
119107675
119141072
119153793
119153804
119192415
119192416
119232021
119243892
119251940
119503849
119530471
119590257
119620374
119620375
119638481
119664977
119905042
119932610
119932611
119977355
119989777
119991298
120011994
120018917
120028827
120029221
120058738
120099647
120103521
120118229
120121937
120145767
120151823
120152737
120152795
120171323
120172541
120188778
120189432
120203211
120211502
120214539
120214542
120216163
120216179
120216181
120220938
120220944
120222090
120223365
120225549
120233911
120238018
120243499
120244345
120247423
120248476
120249148
120252331
120252546
120252581
120253771
120254087
120254285
120256043
120256067
120256068
120256110
120257013
120257032
120258691
120260976
120260980
120261877
120262408
120262771
120265549
120266161
120268880
120269211
120269238
120270588
120270974
120280499
120289489
120291230
120316610
120316996
120316997
120317328
120317739
120317819
120317835
120317836
120317866
120317867
120326321
120330254
120331891
120331928
120336637
120338134
120338371
120339115
120339191
120339237
120339694
120340127
120341559
120341560
120343578
120343711
120358426
120358749
120358773
120358985
120366009
120376048
120376049
120378262
120388599
120397675
120399642
120411416
120413791
120417977
120418005
120458112
120459165
120459332
120461649
120465458
120497127
120505306
120516879
120518620
120527236
120547071
120550752
120550804
120557304
120558305
120559185
120560461
120565685
120568948
120572317
120577790
120579009
120582456
120587401
120587595
120596783
120596946
120598525
120599372
120600506
120604407
120604494
120605009
120605827
120606037
120606120
120606383
120607161
120608161
120608259
120608280
120608902
120610243
120612611
120614757
120615241
120616222
120621161
120623553
120623598
120623600
120623858
120625439
120627141
120628017
120628046
120628047
120628259
120628467
120642931
120680208
120680231
120685806
120686728
120687853
120692736
120692751
120692957
120693355
120693439
120693628
120698554
120698617
120699327
120699586
120699628
120699676
120699691
120699705
120699719
120700309
120700661
120701468
120701583
120702139
120702487
120711028
120711043
120719805
120724993
120726340
120736228
120739919
120744627
120750300
120771878
120772837
120773032
120773033
120774379
120779228
120786064
120788904
120792044
120794193
120794902
120799688
120800528
120845530
120858591
120868596
120870227
120873379
120873750
120876032
120876089
120876117
120876228
120876759
120890629
120914873
120915977
120916053
120916797
120923670
120927379
120927622
120929433
120929530
120966806
120966953
120966967
120970721
120979201
120984233
120984929
120993203
120994118
120996583
120999034
121012209
121034039
121036236
121059985
121085496
121122934
121130450
121141629
121145471
121145483
121165530
121170726
121185887
121205507
121209812
121213690
121213760
121214935
121221168
121230806
121230807
121246894
121251537
121253062
121262480
121273281
121276081
121289422
121292555
121292708
121292996
121297462
121299561
121300300
121310566
121310789
121311105
121311819
121312298
121315908
121316293
121316295
121316296
121316312
121317534
121317689
121318033
121318679
121325717
121326491
121326785
121336588
121336687
121338426
121341139
121341308
121342511
121344772
121344791
121346146
121365093
121365513
121365607
121370038
121372836
121372901
121380264
121380265
121381125
121381126
121449747
121460267
121468790
121468791
121484172
121533508
121552872
121574814
143299172
143301042
143305535
143379905
143382004
143384675
143387453
143392719
143395921
143401164
143429494
143429955
143431999
143432045
143448112
143458778
143468475
143468560
143468596
143468620
143468780
143475514
143475556
143493945
143621101
143637346
143637347
143702325
143739951
143791747
143797584
143799901
143800922
143801037
143801178
143812999
143847128
143940296
143990273
143999993
144067936
144124192
144130758
144149179
144149295
144151495
144167857
144184776
144184792
144184795
144213512
144214594
144220453
144221793
144224114
144229385
144230764
144255199
144255562
144256536
144256676
144258480
144258702
144258739
144258875
144259064
144260458
144261195
144261973
144262074
144262468
144262671
144269042
144269104
144272605
144286814
144286929
144289681
144289682
144289751
144293396
144295984
144296864
144300985
144303055
144304635
144305137
144306382
144309169
144309346
144310330
144310339
144310347
144316771
144317098
144317499
144317512
144322069
144322523
144324049
144347338
144349576
144352479
144353393
144355968
144358107
144425058
144464333
144469165
144469166
144509960
144532060
144537817
144551393
144573064
144628889
144629862
144630118
144641308
144642132
144642419
144644025
144644313
144645484
144645921
144648870
144648883
144649611
144650292
144650480
144650813
144652530
144652823
144652870
144653875
144661929
144662289
144663323
144665337
144665393
144667073
144669676
144675326
144678727
144679059
144679448
144679563
144680571
144683375
144683450
144685984
144686011
144686316
144686380
144686968
144691144
144691408
144692647
144693447
144697334
144716419
144719490
144720655
144727578
144728883
144735612
144736991
144738918
144738959
144739613
144744917
144747402
144752879
144753511
144757108
144757110
144758780
144758784
144766112
144766647
144766895
144771715
144774029
144774621
144824221
144836251
144864070
144869811
144920774
144939382
144950128
144975996
144979707
145005525
145017735
145023495
145023724
145023753
145031675
145056162
145058949
145078021
145079244
145083544
145107393
145110344
145120924
145123672
145133963
145137419
145138030
145158259
145158318
145173442
145195865
145202450
145241355
145247238
145247239
145476090
145497689
145497690
145502669
145559512
145582286
145657694
145665267
145714456
145767295
145775779
145852693
145852694
145860431
145889767
145903022
145934294
145934295
146004501
146004928
146004929
146011427
146135400
146135401
146144660
146144867
146150530
146152352
146157587
146165233
146165364
146167330
146169953
146184275
146184276
146188668
146192681
146193207
146193220
146194878
146203332
146203415
146207288
146212688
146212689
146223157
146223491
146225690
146229293
146230191
146230440
146234833
146234835
146243179
146243517
146243873
146246316
146246533
146247676
146247792
146248383
146248433
146250948
146251271
146251521
146252861
146253273
146254163
146254164
146254422
146254463
146255617
146255618
146255635
146255636
146256091
146257908
146259607
146259869
146259879
146266431
146266994
146271911
146272543
146274653
146275165
146275568
146275796
146275816
146276489
146277608
146277688
146278796
146279483
146280972
146282195
146284892
146285061
146292204
146292405
146294321
146294858
146295392
146295434
146295508
146296469
146297188
146299463
146305231
146305962
146310233
146310461
146311255
146311934
146312516
146373665
146379350
146387441
146408459
146413849
146443710
146464008
146507728
146510434
146522099
146563588
146567333
146614468
146616283
146656652
146672239
146691771
146691803
146691838
146736413
146804807
146859636
146859643
146869401
146871039
146892838
146902562
146908625
146923355
146923398
146927911
146939478
146976042
146979168
146979288
147062440
147067629
147082278
147082279
147117947
147128389
147152431
147161089
147234762
147253857
147290972
147366687
147376837
147377600
147388648
147388649
147396467
147396468
147400746
147400747
147440755
147449548
147463282
147466841
147500780
147516484
147517549
147526215
147591398
147644824
147648510
147682414
147682415
147788305
147839342
147839357
147839372
147855830
147928729
147943955
147951529
147954537
148031198
148031199
148052722
148070839
148083404
148093557
148093558
148118972
148203135
148222131
148222335
148222725
148223039
148223246
148256206
148349888
148447568
148459385
148491559
148493140
148519450
148615800
148617074
148635790
148639585
148676817
148681480
148860502
148860661
148869258
148879124
148880300
148900383
148908499
148909655
148910014
148910241
148910554
148910832
148910911
148911803
148912737
148912882
148913451
148920925
148921749
148935800
149053681
149054419
149054420
149340373
149408306
149429284
149459624
149475539
149477946
149477958
149479205
149479224
149479234
149479246
149479691
149479709
149479725
149479734
149479763
149479764
149479767
149480115
149480138
149480203
149562247
149562270
149562271
149562536
149562604
149570964
149633152
149633153
149646365
149653679
149653680
149699140
149699866
149722223
149722224
149737999
149803255
149807374
149807375
149848117
149873440
149897254
149978391
149982511
150006696
150069702
150097346
150097347
150104383
150105216
150148889
150213602
150235311
150320113
150439414
150439476
150452900
150491065
150500355
150519098
150539849
150539879
150589567
150596273
150601831
150655044
150670383
150678105
150790400
150835818
150836960
150938917
150982244
151008579
151075172
151338503
151338504
151378923
151379960
151430909
151432450
151528163
151617877
151631746
151639353
151646159
151648071
151708143
151723161
151746337
151751869
151756677
151794750
151794756
151865133
151994536
152003229
152065538
152156588
152156595
152156600
152156602
152156613
152156625
152269354
152269458
152270381
152270382
152270488
152270949
152271333
152271377
152290178
152290567
152290758
152291186
152291756
152291758
152292681
152293136
152293145
152348597
152369064
152373289
152385754
152449379
152557433
152568815
152665257
152690706
152731049
152753984
152795499
152830958
152899640
152947594
152956073
152967330
153028170
153159521
153185059
153200951
153203681
153227969
153247742
153303915
153347594
153392581
153409936
153430426
153521891
153598218
153685323
153685324
153700856
153700857
153735917
153735918
153756021
153766229
153820708
153823421
153832152
153833690
153878218
153904686
153934805
153934811
153952788
153969091
154017798
154032955
154058296
154071912
154072845
154097084
154124167
154129197
154161345
154197528
154203803
154227142
154246167
154281415
154296676
154302898
154377174
154405680
154427389
154427390
154512401
154522222
154540506
154551342
154570943
154579450
154586606
154616146
154656135
154661159
154684148
154711907
154715131
154727726
154754269
154758631
154785803
154851168
154889616
154933049
154966281
154989327
155059192
155059193
155059195
155059197
155059216
155059390
155063784
155073072
155085174
155129549
155158255
155211658
155277517
155288172
155297385
155355873
155401963
155429805
155516524
155517649
155544291
155556616
155590985
155647803
155668889
155699516
155703414
155703415
155715783
155718216
155849171
155878687
155901021
155906131
155936608
155947182
155948632
155971344
155994194
156045147
156101634
156119777
156183375
156186945
156213347
156256309
156311517
156370933
156370934
156548764
156574373
156682573
156787449
156838145
156878493
156920709
156923054
156936480
156936481
156941103
156973340
156993915
157114952
157139091
157195130
157220202
157241660
157308314
157332619
157347260
157379916
157443402
157513773
157513774
157610657
157892150
157908961
157925967
157946182
158071355
158076651
158117378
158127600
158160032
158175231
158175232
158177714
158183661
158184153
158184154
158278762
158279979
158287799
158311879
158319356
158319358
158344591
158355148
158390400
158411443
158422139
158444522
158515850
158582079
158615551
158616620
158631492
158693004
158696773
158696774
158702552
158702939
158705523
158722511
158725385
158733531
158794060
158811764
158838869
158845557
158852718
158931502
159002356
159014468
159028881
159077718
159085285
159195285
159204287
159307883
159307884
159312292
159318652
159375958
159387993
159480109
159488690
159505124
159516833
159517476
159574755
159584470
159585377
159605524
159740805
159837607
159842164
159842165
159870878
159870879
159883629
159942747
160014416
160014417
160039385
160120895
160145507
160205947
160219560
160290050
160290051
160327614
160358089
160382901
160388615
160392178
160395858
160408807
160549417
160608434
160623002
160651494
160654320
160780081
160827883
160832955
160889689
160956954
161005261
161019018
161037398
161073094
161083564
161120036
161154267
161396297
161425952
161483498
161511544
161512600
161534671
161561240
161561241
161561243
161576540
161576623
161576826
161576890
161577214
161577312
161577360
161586449
161587357
161587741
161587770
161589167
161589275
161589286
161589363
161589374
161589386
161589451
161589512
161589517
161589518
161589532
161589597
161589617
161589676
161589677
161589863
161589903
161589952
161589963
161589975
161589997
161589998
161590059
161590586
161590612
161590635
161590636
161590730
161590738
161590741
161590754
161590812
161590922
161590999
161591062
161591124
161591125
161591131
161591423
161602032
161624068
161625054
161625056
161629568
161629569
161640404
161640405
161641777
161654042
161654084
161654154
161654289
161654292
161654429
161654446
161654450
161654900
161654901
161776603
161802305
161918238
161926921
161942003
161942004
162006382
162006383
162043163
162056555
162115974
162152059
162155237
162343095
162369624
162474924
162489466
162572523
162582961
162606182
162650413
162651606
162717849
162738611
162738640
162738644
162932549
162932550
162974421
162995505
163002402
163036926
163095641
163144537
163159352
163186072
163208992
163236490
163239060
163326362
163344265
163371560
163403657
163417480
163424889
163433699
163441030
163513429
163513430
163515407
163530991
163530992
163552320
163585943
163609779
163637623
163767180
163816057
163838821
163940366
163989733
164039152
164042133
164164409
164216086
164278889
164292711
164301901
164360718
164586717
164658165
164669371
164727408
164764197
164781981
164792005
164837179
164844886
164871873
164871874
164871876
164871877
164871878
164871879
164938284
164981025
164996695
164996696
165007233
165032976
165103947
165191679
165235716
165235717
165251018
165259042
165275851
165288509
165294906
165341514
165351473
165352872
165398371
165417954
165447409
165481832
165504198
165504948
165640006
165692489
165771887
165783812
165845025
165845637
165848658
165938632
165971791
165971829
165971849
165971943
165972034
165972394
165972698
165972916
165973063
165976992
166014216
166086019
166114685
166130140
166243503
166243625
166243717
166243777
166243857
166243878
166243893
166243935
166244373
166244437
166244996
166245101
166245863
166245864
166245869
166246336
166246543
166246544
166246545
166246596
166246606
166246664
166246751
166246779
166247154
166247791
166248056
166248110
166248318
166248371
166248434
166248603
166354135
166354136
166417255
166518175
166538653
166568373
166597646
166603740
166607434
166635538
166655321
166665294
166701536
166781563
166819790
166838504
166854315
166854493
166854612
166887819
166911852
166939367
167005033
167005034
167033520
167039378
167200685
167284955
167334387
167374343
167385694
167393244
167412802
167413166
167450103
167450957
167452016
167458208
167462444
167467226
167480790
167543480
167569368
167572445
167581811
167581812
167589817
167633831
167645331
167645332
167663432
167672844
167672845
167674324
167686020
167703615
167705055
167769082
167769422
167773548
167781735
167822659
167861259
167898204
167934636
167981788
167992616
168009349
168030876
168079814
168123545
168142543
168142544
168225263
168228860
168284893
168356807
168357393
168401994
168402986
168417767
168486678
168574356
168574360
168574361
168574366
168574396
168574399
168588186
168598455
168630665
168686586
168710905
168736432
168737784
168757859
168769026
168781363
168785245
168887276
168940378
168959616
168959617
168975626
168984612
168985165
169105535
169114155
169172356
169174202
169204728
169206756
169255544
169255547
169255906
169255914
169255933
169255953
169255960
169256002
169256031
169256037
169256150
169256184
169256375
169256397
169256402
169256463
169256466
169256503
169256512
169256513
169277667
169277670
169297318
169333922
169347191
169363152
169462007
169471469
169486918
169534005
169538513
169539470
169586723
169621438
169624633
169755547
169758544
169791826
169838821
169843627
169862922
169877129
169892983
169957105
169957106
170048331
170064631
170168042
170174994
170183805
170277787
170314106
170335550
170363957
170367945
170415831
170419026
170471956
170484449
170501794
170566798
170658648
170689894
170744201
170852496
170859773
170907959
170923699
170931003
170931004
170955202
171016330
171016331
171033077
171093123
171114673
171122999
171145812
171150151
171203469
171215879
171234533
171285332
171295842
171296613
171338620
171365114
171424014
171427981
171492555
171498654
171531082
171542765
171550479
171687511
171691340
171692245
171714392
171715213
171734176
171799367
171882429
171992116
172010906
172033140
172040488
172040489
172060632
172060962
172108427
172149308
172209438
172213483
172242753
172309892
172379795
172401871
172441358
172466589
172477937
172545840
172566110
172593609
172632792
172693189
172697209
172717212
172717217
172743778
172788815
172825445
172844403
172970469
172973827
172983932
172985292
172985366
172986264
173024054
173035787
173041399
173077122
173101027
173114224
173125768
173154896
173155731
173264809
173289817
173315768
173321628
173321629
173329571
173329843
173401883
173414143
173459281
173593829
173795697
173835201
173855442
173859985
173868540
173876654
173946299
173993304
173994913
174036544
174056030
174061828
174061831
174084669
174090038
174127763
174150702
174179550
174193285
174223051
174242822
174242824
174379596
174381577
174382150
174382158
174387493
174411249
174411250
174491839
174499252
174557212
174592259
174592820
174593773
174594683
174595899
174606504
174617647
174651369
174684988
174686402
174692483
174714465
174731001
174741701
174814819
174953746
174955150
175034720
175160819
175197284
175234226
175241638
175262359
175276548
175278173
175278525
175307486
175316257
175316862
175364298
175364910
175382290
175388946
175399047
175418307
175419923
175427219
175430996
175454558
175459081
175537722
175540975
175547596
175547608
175581853
175582919
175598376
175601249
175627191
175634014
175642732
175667210
175698275
175737094
175782528
175851468
175858213
175864045
175923475
176014676
176058006
176063207
176066738
176066739
176088330
176097237
176098509
176106450
176171904
176244254
176257332
176257518
176257542
176258995
176259147
176259571
176260622
176260735
176308896
176309525
176310120
176323503
176375155
176388576
176391427
176455383
176473611
176510818
176521156
176698814
176751984
176765770
176825744
176829145
176880368
176885756
176905532
176921690
176951884
176960852
176996306
176996308
177035679
177047591
177048154
177049911
177052090
177055385
177056582
177058822
177059346
177064899
177065394
177070406
177141318
177145519
177149690
177215285
177316446
177351325
177401164
177402522
177405711
177481516
177530985
177535869
177618464
177660383
177699805
177753443
177762579
177777653
177898671
177962624
178005217
178036474
178167124
178230694
178270255
178335863
178369298
178433049
178483157
178488174
178509702
178515265
178585656
178618510
178652408
178654668
178698967
178735830
178841756
178960984
179048380
179077981
179114369
179160447
179164348
179206007
179246422
179247992
179314053
179348786
179355727
179487531
179534893
179541663
179541664
179541671
179548737
179550506
179582199
179626237
179757768
179758569
179907617
179907625
179909391
179925030
180094691
180098222
180220533
180258339
180264377
180368099
180409253
180439106
180457792
180531965
180553285
180557421
180572571
180596683
180600543
180604886
180633018
180700390
180803706
180942939
180948489
181029422
181076622
181131259
181200478
181256272
181269318
181288038
181301990
181354300
181436896
181489443
181576431
181581789
181617029
181625046
181673230
181789703
181863712
181900052
181913295
181981760
182010194
182088815
182109493
182130996
182160709
182203133
182261723
182261724
182269956
182272197
182329594
182350896
182400171
182518049
182536680
182575667
182603816
182603817
182622416
182622730
182644383
182676221
182684418
182820120
182924939
183008399
183026773
183032720
183035175
183055476
183120023
183138750
183165123
183281733
183361272
183367328
183463851
183471256
183495036
183560777
183592945
183611524
183616207
183660566
183713072
183769010
183781646
183794054
183820268
183843834
183853102
183867441
183895825
183946224
184053686
184094276
184094277
184137984
184137985
184149054
184152348
184190474
184190475
184196277
184200795
184225372
184247983
184250337
184301925
184337101
184390327
184396510
184423872
184431167
184443803
184512003
184548255
184548256
184591588
184694397
184741847
184761517
184789547
184796914
184835828
184839035
184858739
184870170
184939675
184992307
184997332
185016421
185027436
185027437
185048575
185062817
185062818
185063647
185077326
185083130
185089083
185127146
185175167
185229735
185234463
185240111
185252655
185257601
185263589
185263590
185266212
185282309
185286968
185289286
185320789
185379171
185386626
185386627
185406824
185583768
185598521
185666092
185698183
185720262
185793523
185856797
185865586
185902409
185951509
185951511
185951512
185951516
185999375
186001195
186012402
186029835
186031125
186035501
186071801
186073452
186073453
186073852
186088972
186126155
186368417
186665242
186665539
186674106
186677117
186747736
186894252
186911536
186919915
186919916
186922087
186925786
186937021
186943255
186979719
186999196
187024858
187237509
187270663
187270664
187271266
187344440
187344619
187345242
187345674
187345693
187345781
187346469
187346637
187347229
187347230
187348472
187348473
187348559
187348562
187349081
187359385
187366819
187402711
187427481
187445365
187476634
187580513
187581257
187584917
187589130
187599118
187599390
187599409
187599496
187599555
187599740
187599746
187600040
187600178
187600445
187600859
187600888
187600913
187601073
187601371
187601648
187601789
187602038
187602086
187602234
187602871
187624681
187629378
187633671
187649104
187661308
187668733
187696518
187751918
187760515
187768760
187801158
187807887
187845689
187856068
187903699
187935556
187946783
188044527
188090395
188110955
188113967
188142908
188142909
188201962
188306077
188351215
188363950
188444365
188486073
188568925
188568926
188613067
188667146
188689307
188693743
188778631
188859651
188872384
188997814
189038578
189188681
189226131
189228682
189251365
189265189
189358529
189411895
189419526
189441564
189470460
189470474
189470514
189470534
189470535
189470544
189470573
189470578
189470644
189470654
189470675
189470685
189505072
189717399
189728505
189739597
189772832
189792919
189843540
189848827
189869409
189904577
189960949
190027167
190027168
190027173
190027190
190027204
190027208
190027212
190027219
190027220
190027229
190027236
190027263
190034663
190086950
190097981
190097982
190110564
190126257
190154513
190162306
190164735
190266318
190285848
190300097
190303253
190316537
190317857
190329986
190353039
190388111
190396689
190473772
190482453
190487230
190487231
190511012
190512996
190541460
190566949
190570912
190616592
190623135
190646063
190780822
190780823
190783494
190815438
190826975
190826976
190853114
190873245
190910051
190927918
190927924
190959363
190985909
190985910
191025977
191026046
191065075
191092309
191098503
191182378
191194158
191226709
191229767
191273333
191295723
191387364
191387365
191403820
191440899
191447072
191477753
191653799
191809833
191826195
191912918
191982431
192070648
192112629
192172835
192172836
192193366
192195945
192207839
192219039
192294593
192307436
192326016
192348971
192453842
192487998
192547394
192684622
192700022
192809139
192832572
192846090
192918011
193005339
193005340
193015717
193017124
193048737
193056007
193112875
193117765
193149393
193163154
193207408
193245374
193274114
193286753
193316949
193317531
193320380
193321760
193323542
193325345
193325351
193325579
193325718
193326599
193328216
193328817
193333408
193334340
193336577
193343456
193347004
193350379
193350422
193355680
193355740
193357237
193364320
193366753
193367837
193368615
193370494
193373550
193374434
193374437
193378394
193379142
193380802
193382805
193386294
193386351
193395384
193398866
193400638
193400732
193401065
193406570
193406789
193407294
193407527
193409269
193410349
193413447
193413818
193414548
193414916
193415240
193415259
193415382
193415658
193416347
193416787
193417283
193417335
193417592
193417666
193418423
193418933
193419001
193421304
193423431
193424775
193425838
193426376
193428896
193432708
193434206
193435784
193436076
193436470
193436478
193437518
193437606
193438332
193439573
193440599
193442235
193445076
193445103
193445213
193446392
193448675
193448911
193448927
193452314
193455269
193464045
193465764
193467127
193475466
193477768
193483702
193484423
193490266
193494039
193494702
193496783
193500668
193501928
193506553
193508290
193510295
193510359
193511464
193512640
193514374
193514731
193515050
193515843
193516425
193516694
193518689
193523044
193523634
193524606
193524887
193536992
193554948
193691297
193718263
193718331
193718364
193718424
193719106
193719111
193719184
193719223
193719224
193719340
193719426
193719850
193719914
193720030
193720374
193720393
193720846
193721042
193721522
193721547
193721685
193721686
193722290
193722710
193725097
193725098
193733890
193795939
193795940
193809530
193830269
193830270
193870557
193872531
193948058
194018632
194036516
194069931
194102136
194181323
194204002
194207498
194215961
194248194
194320919
194340157
194367157
194438114
194469564
194488029
194512830
194512831
194610354
194629639
194629640
194629641
194747564
194766512
194791990
194828962
194868178
194878026
194886299
194894536
194894537
194933838
194949102
195049908
195049909
195056856
195119852
195147807
195147808
195174834
195190910
195231968
195292801
195292802
195497851
195501743
195527270
195794858
195841271
195870137
195895532
195915732
195925917
195926395
195926931
195927352
195927357
195927810
195928526
195940548
196019185
196048351
196101014
196104896
196106992
196106995
196112294
196128198
196163693
196220297
196223745
196224163
196245281
196246014
196257106
196277775
196291220
196298564
196313939
196376172
196391832
196430377
196445021
196477299
196578196
196579708
196595607
196636743
196689263
196689265
196689266
196691369
196707111
196711847
196794769
196815496
196815584
196815610
196836836
196837446
196840776
196846653
196848152
196848225
196848226
196857039
196860551
196886564
196944126
196977059
196982782
197003408
197036288
197052967
197065994
197067948
197087545
197104066
197104067
197117464
197167351
197220261
197220654
197278384
197278385
197452191
197458031
197551042
197562757
197582809
197583349
197597407
197597429
197597430
197615119
197671329
197710413
197710959
197711314
197711464
197712025
197727534
197727535
197750574
197833856
197845666
197869078
197899768
197906321
197935354
198009502
198091233
198091248
198228256
198234369
198293768
198354990
198365964
198372417
198393408
198411580
198430131
198499033
198639115
198639116
198658402
198862054
198870161
198870162
198922561
198922599
198966487
198966488
198975203
199037440
199046989
199070962
199071880
199076741
199278890
199283865
199288679
199291080
199329299
199334215
199348531
199348532
199475241
199491978
199500089
199523707
199524702
199533079
199555336
199555778
199557381
199591169
199656244
199668839
199726000
199748800
199749378
199756344
199809303
199831379
199864713
199884928
199974975
199999681
200028760
200068730
200113993
200115564
200144237
200158337
200273209
200448850
200467095
200467097
200550315
200552166
200553216
200559466
200559467
200566374
200566402
200585878
200605080
200679587
200693094
200719422
200734499
200734500
200783384
200805943
200852516
200931047
200942108
200947777
201011018
201022257
201194325
201233083
201233084
201262522
201279915
201355064
201360777
201413428
201459609
201481083
201499183
201544032
201545139
201555830
201566597
201688556
201702681
201732355
201742018
201805818
201810549
201831523
201857396
201879066
201891495
201901577
201908597
201923422
201933545
201942123
201957597
201980339
201986245
201990931
201992990
201996898
201997793
202002325
202003591
202004173
202004234
202005781
202006704
202014045
202023556
202040269
202049137
202171650
202222524
202246641
202277997
202302263
202338160
202350625
202350626
202370960
202410977
202514911
202519432
202558257
202563906
202564925
202596622
202605439
202690566
202692762
202695398
202746657
202752656
202798934
202875529
202989384
203025814
203081663
203089346
203115397
203120222
203143333
203196038
203207396
203212863
203243827
203249423
203306851
203315759
203341500
203354657
203400908
203423891
203466972
203523093
203523094
203546042
203550563
203598039
203601757
203615615
203642588
203647967
203656065
203701835
203770504
203775219
203780480
203784278
203785996
203787555
203792135
203792654
203794424
203794504
203797767
203812441
203813943
203816473
203818846
203818878
203819989
203821984
203832127
203833188
203835045
203836656
203842129
203843490
203845590
203845964
203846136
203846154
203846163
203872276
203874857
203876837
203879314
203879611
203880136
203880912
203881080
203883521
203890851
203890852
203892143
203895870
203897392
203900043
203900580
203904988
203914589
203915956
203916686
203923117
203928295
203929196
203929197
203931860
203932236
203932237
203933171
203934826
203934885
203936854
203937535
203937591
203937629
203937755
203937921
203938141
203938821
203938854
203939300
203942011
203942220
203945782
203953431
203957285
203957286
203959146
203960834
203961064
203961836
203979184
203985793
203993835
203999560
204002086
204003647
204067760
204072159
204073979
204088892
204124218
204140296
204143659
204181848
204207062
204223531
204265938
204442314
204482121
204493158
204535416
204535422
204566113
204573000
204660194
204687391
204687834
204717889
204787560
204790800
204828420
204839374
204858839
204881735
204901843
204903167
204922953
204938246
205036619
205080248
205101893
205205592
205300954
205315598
205332963
205376654
205407533
205410497
205422638
205428560
205561947
205579649
205614596
205616174
205664972
205701873
205715474
205716462
205749120
205755966
205760084
205762761
205764936
205767635
205777150
205780010
205782004
205787473
205787709
205793475
205808264
205846259
205847518
205847519
205847656
205850190
205852680
205854937
205855537
205859846
205860120
205866029
205874808
205876429
205876801
205880468
205881566
205882770
205884110
205886220
205886624
205891063
205891334
205891635
205894496
205899914
205905003
205912625
205914023
205963092
205976683
206235246
206243087
206272228
206305141
206305160
206315642
206439097
206467948
206678349
206737604
206769089
206795067
206913662
206914314
206967556
207074130
207147704
207151803
207179648
207209236
207232985
207240593
207241761
207252225
207256608
207402199
207407145
207414987
207431479
207432387
207436503
207450947
207465217
207479280
207479281
207517905
207517906
207520545
207523953
207527603
207527947
207557344
207560065
207560420
207560430
207560710
207560952
207561294
207561311
207561400
207563291
207563674
207569402
207569745
207569911
207569912
207570039
207570183
207570192
207570836
207571012
207571510
207571633
207582561
207596063
207609263
207619944
207634681
207638447
207640941
207642101
207645384
207650018
207658989
207659237
207659357
207661067
207662476
207663843
207665051
207665168
207673884
207675003
207675004
207680290
207681128
207681129
207686940
207688032
207690904
207696339
207699495
207701985
207702134
207704985
207730961
207762015
207807399
207808673
207935125
207964030
208121174
208129883
208134283
208134347
208156098
208188539
208211421
208220930
208235701
208238167
208284492
208284493
208303966
208306148
208370359
208373581
208413760
208453096
208463664
208485637
208487172
208492235
208520293
208526989
208546617
208574562
208602787
208602788
208632007
208646118
208668714
208673134
208673181
208675236
208680550
208691224
208704065
208712770
208729813
208730404
208739627
208742670
208761951
208767949
208789210
208843653
208885701
208898521
208919111
208930470
208957760
208961383
208969779
208973155
208978997
209020390
209055599
209099758
209181323
209191522
209285626
209288340
209309894
209387786
209389323
209412730
209429805
209516489
209557131
209677457
209698177
209725808
209807975
209827798
209827799
209851390
209915535
209958483
210029508
210083595
210244406
210255172
210404072
210414784
210428311
210454291
210499244
210597461
210608395
210662262
210667383
210716840
210723988
210731821
210744499
210755567
210792868
210830212
210873592
210873593
210926619
210963376
210994326
210995665
211136426
211232849
211349995
211404199
211404202
211404212
211404214
211404216
211588846
211644174
212059778
212396804
212481396
212518622
212540684
212779707
212897190
212914430
212914477
213006850
213028428
213050300
213097338
213112518
213168989
213204160
213287967
213352237
213445241
213464320
213554521
213875873
213920267
214240846
214404043
214437009
214437409
214495671
214514734
214562326
214579241
214623975
214759368
214783538
214794240
214796253
214804452
214823194
214846912
214880719
214927380
215008170
215038929
215177723
215189545
215332639
215332640
215354108
215367988
215428590
215477278
215516161
215525511
215591291
215640385
215686246
215690696
215695687
215697796
215836848
215860047
215870825
215914101
215914106
215986316
215993627
216013871
216035629
216037580
216038535
216064632
216070981
216074492
216088877
216113136
216115111
216209849
216273888
216280007
216314894
216381059
216398178
216403779
216430393
216430394
216443985
216447024
216489350
216495051
216510544
216590930
216593781
216605749
216616713
216627177
216658858
216658868
216771924
216822346
216831510
216864332
216877275
216909046
216920571
216920572
216922797
216929115
216934169
216936624
216936706
216936707
216937647
216937648
216937785
216941661
216946567
216955827
216955828
216981360
216983691
216986446
216991622
216991632
217043898
217060813
217119058
217126155
217131010
217134273
217153209
217157742
217171448
217204376
217222894
217267925
217438533
217448291
217457197
217494109
217532899
217552790
217563143
217610701
217628191
217676653
217732527
217736564
217747807
217775978
217805305
217813671
217824739
217867157
217875190
217897823
217898224
217927640
217959918
217975249
218301288
218430394
218430395
218442635
218443708
218486482
218562027
218564159
218594172
218627668
218721780
218764042
218782127
218806293
218875680
218960733
219078742
219085097
219089303
219139558
219193204
219194594
219288519
219344230
219386305
219391933
219430544
219441941
219456108
219456164
219456193
219456215
219456594
219456633
219456732
219456748
219456751
219456791
219456930
219457021
219457048
219457052
219457080
219457233
219457234
219457243
219457370
219457501
219457549
219457643
219472840
219514839
219556066
219569046
219570384
219570385
219599201
219607195
219612450
219649470
219680205
219694114
219767177
219787359
219787950
219838886
219860431
219866522
219866596
219866612
219866666
219885600
220003885
220087946
220100201
220111539
220111580
220194060
220216474
220229945
220246971
220272524
220277622
220280902
220302379
220318974
220318975
220320696
220334646
220357827
220375140
220440926
220445210
220447574
220450972
220463589
220479659
220479660
220524587
220555460
220589604
220613591
220614032
220614594
220618213
220619602
220646414
220671314
220739748
220754827
220781893
220786988
220828385
220894072
220917263
220951237
221090384
221117420
221117421
221130677
221138922
221139471
221139472
221181846
221192803
221224840
221294751
221349346
221359617
221376857
221428055
221441806
221531802
221594390
221613195
221624624
221670788
221735395
221764280
221850777
221918324
221922970
221944579
221989075
221989076
222001469
222004396
222132879
222141136
222142506
222178176
222186802
222186803
222194320
222226205
222238333
222280492
222291279
222301410
222379378
222410249
222417717
222417718
222428048
222429567
222480942
222480943
222480995
222481021
222481023
222481024
222481032
222481033
222481038
222481062
222498346
222525637
222530376
222709355
222728090
222765346
222860799
223007780
223024878
223027508
223028342
223028347
223129224
223162677
223185422
223277303
223291874
223377672
223378636
223401353
223423343
223489617
223489619
223493273
223535300
223659936
223702433
223702434
223729634
223739896
223760919
223822602
223825844
223884221
223916290
223975228
223975229
224054324
224058518
224087006
224101056
224181035
224237193
224536518
224622021
224623255
224664949
224671350
224679213
224753387
224819648
224835953
224853815
224875654
224927906
224991409
224999612
225060763
225083975
225083976
225094883
225105977
225105979
225119280
225119281
225187227
225187373
225253613
225339019
225372730
225394318
225442910
225459068
225484757
225513592
225514086
225535378
225562914
225611124
225616992
225784724
225784725
225894113
225896401
225897726
225912981
225977180
225978486
225988203
225988204
225989824
225989825
225992052
226012279
226034066
226061459
226119434
226176250
226178833
226196526
226196696
226297373
226318686
226367624
226393275
226400385
226406705
226409607
226409608
226429036
226430764
226453103
226455730
226456752
226464067
226464490
226464491
226465925
226480859
226507427
226523146
226528444
226571286
226577165
226624777
226659354
226687274
226716615
226750427
226785146
226930683
226968015
226987349
226987464
226991402
227024233
227026168
227026169
227027030
227027271
227039713
227161795
227201675
227233242
227271770
227309667
227374078
227374079
227415294
227418850
227432614
227433820
227458612
227494654
227495379
227495380
227495554
227496222
227496255
227496968
227498528
227498614
227503089
227503849
227503851
227504000
227585601
227661302
227698716
227727805
227822630
227840020
227844919
227853882
227911270
227911271
227946100
227976800
227991427
228027195
228105829
228182593
228248535
228256507
228268358
228287879
228287880
228314943
228348164
228353870
228396308
228491827
228494048
228524206
228742035
228771648
228811921
228843618
228879051
228923860
228971973
228982536
228989613
229024119
229048278
229050345
229062365
229091385
229100337
229117505
229120194
229196372
229295631
229306476
229404619
229439293
229439294
229446996
229485202
229505537
229568003
229592766
229702688
229720877
229776680
229784171
229839064
229877356
229892265
229929232
229968464
229991613
230001576
230010175
230053925
230082331
230088829
230109345
230133647
230136872
230142583
230159328
230159332
230159350
230239198
230308592
230308593
230367168
230367169
230367294
230426448
230426449
230467341
230520502
230566423
230566424
230589691
230647303
230730882
230763462
230795221
230797102
230817734
230821330
230842002
230879798
230882367
230882836
230895922
230898509
230907685
230949889
230949891
230949900
231152082
231217112
231217113
231322964
231373697
231375336
231386557
231426878
231482213
231765194
231768468
231777402
231801289
231818771
231823991
231886776
231951912
232021332
232026126
232034089
232136879
232152354
232202240
232219955
232232143
232232148
232233890
232256548
232276979
232319966
232364754
232372832
232373960
232374404
232418922
232452808
232458420
232590091
232620211
232682480
232685095
232784100
232860969
232919238
232929481
233001483
233155066
233272989
233331588
233381342
233444973
233504146
233525281
233601249
233603211
233634314
233643284
233653465
233662241
233684997
233707134
233712915
233716823
233744005
233744971
233748525
233860767
233912487
233912507
233940373
233975719
234001736
234088474
234098388
234108251
234108293
234108315
234288684
234301254
234425647
234474281
234525912
234528811
234557978
234588148
234633666
234744868
234744869
234853503
234976465
235029092
235034258
235088910
235108286
235185301
235229741
235268610
235268611
235274442
235319245
235319246
235368906
235387525
235464115
235485793
235508481
235517613
235549632
235610046
235630106
235657762
235713406
235752384
235826607
235899328
235904723
235945349
236008805
236058444
236187080
236203147
236228800
236266568
236266576
236293763
236319832
236380010
236401738
236407741
236412651
236424060
236425634
236425635
236441270
236455141
236457244
236461070
236461071
236469327
236470166
236477065
236485400
236491630
236533880
236537863
236548778
236550991
236560055
236564912
236566699
236590723
236646118
236646119
236662417
236669580
236697155
236717490
236735366
236735367
236738068
236741677
236782205
236823640
236828033
236847626
236859607
236867860
236902467
236936703
236937958
236949596
236952515
236953325
236955792
236968884
236970171
236982221
236996947
236999009
237020948
237020968
237021075
237021126
237022362
237022431
237022665
237022897
237022961
237022962
237022986
237023012
237023124
237023321
237023370
237023510
237023657
237023685
237023806
237024116
237024258
237024264
237024377
237024543
237024783
237025015
237076013
237076500
237079135
237080603
237081511
237086300
237126767
237130187
237154870
237155525
237166090
237189179
237204013
237205179
237216262
237231310
237333132
237391536
237391537
237395170
237433963
237452093
237452105
237474286
237522991
237527789
237527791
237596640
237713703
237717758
237747773
237840397
237920286
238015875
238041404
238042307
238042308
238057717
238066965
238088905
238128621
238186309
238203492
238224770
238313893
238327988
238394867
238416347
238510939
238534991
238543655
238546487
238573847
238579261
238579298
238579330
238579353
238579366
238579368
238579373
238579374
238579437
238655950
238766898
238768464
238892650
238905829
238923380
238923846
238958106
239061085
239068753
239071387
239139341
239152619
239195371
239195411
239199357
239212992
239264325
239271220
239318688
239328544
239369619
239371983
239380250
239415418
239446142
239532424
239567620
239611564
239612534
239626417
239628876
239638926
239656846
239666694
239675546
239724110
239733733
239755373
239787252
239818530
239883857
239970649
239972306
240001382
240005505
240074629
240092271
240116478
240135561
240148236
240148299
240161525
240164022
240190385
240202475
240212856
240213858
240225913
240255988
240269505
240296082
240308339
240310530
240320481
240404239
240404969
240413261
240489166
240513574
240520298
240570275
240587986
240599294
240600481
240600484
240603500
240604312
240610679
240728247
240755458
240774045
240780869
240791857
240859900
240890114
240892781
240971620
241003320
241003321
241036512
241040751
241067519
241069673
241111607
241137941
241175746
241236164
241236165
241251452
241263972
241292851
241310449
241342520
241405508
241448415
241466070
241468888
241591563
241596108
241607061
241633065
241643265
241650851
241654063
241662756
241664983
241670392
241670544
241681882
241687178
241696352
241699463
241699869
241736979
241748915
241750105
241803077
241872212
241905076
241910960
241939700
241944238
241952321
241952654
241955397
241957354
241965335
241970455
241984750
241999985
242047360
242048396
242049330
242049332
242049526
242049766
242049790
242049816
242050079
242050165
242050207
242051149
242051184
242053137
242113083
242220720
242270842
242293006
242293007
242307726
242350785
242372408
242382688
242405038
242405039
242409076
242421639
242422845
242442598
242451759
242470308
242470315
242470316
242505486
242512869
242516261
242520140
242526089
242550022
242594986
242609450
242632883
242671292
242678826
242800556
242872337
242875242
242907696
242929437
242958209
242971458
242976058
242976059
242976068
242976072
242976082
242976110
243031171
243038245
243045359
243054934
243078202
243086558
243130270
243147146
243150158
243157674
243165333
243172560
243202421
243221064
243269929
243287699
243487274
243488104
243513773
243520851
243534619
243538404
243538405
243571178
243644148
243758486
243774488
243783854
243787516
243794769
243796444
243843891
243856022
243973225
244065103
244136716
244202556
244286934
244297605
244309142
244419906
244450346
244477869
244489659
244544981
244592877
244607105
244703025
244730041
244744193
244796240
244840862
244869551
244915679
244918708
244944227
244976759
245028219
245044554
245110046
245123350
245199340
245208851
245242649
245261571
245326815
245356639
245395647
245416111
245462854
245577746
245612109
245612341
245612342
245618903
245619023
245619032
245619033
245619048
245619055
245619079
245693123
245750972
245751594
245794286
245810100
245813827
245866818
245870873
245880022
245884789
245901994
245951431
245951449
245954836
245978129
245988110
246042807
246054903
246072061
246072064
246072066
246072067
246093995
246103953
246153124
246180528
246192476
246207768
246230384
246239899
246252066
246252097
246257716
246279452
246355569
246424288
246478792
246493161
246541628
246553505
246646228
246646235
246646244
246646245
246655099
246682126
246711186
246713389
246725265
246751229
246888412
246906906
246927169
246927172
246927173
246952537
246956649
246956650
246979726
247004294
247032585
247042103
247050204
247050205
247072309
247074799
247104212
247154248
247170347
247170351
247170372
247170392
247170416
247170993
247171346
247205356
247253615
247302499
247322202
247350633
247440090
247469570
247469573
247474829
247544286
247588377
247621444
247653056
247670568
247678035
247718492
247801929
247808962
247813016
247815242
247825777
247907149
247907161
248168028
248168029
248169674
248230714
248299047
248338331
248344564
248361592
248462256
248465696
248469393
248490954
248600273
248615063
248630176
248630274
248632844
248632848
248632864
248638167
248644045
248644312
248646461
248650679
248659127
248659289
248660938
248661489
248664146
248664161
248665767
248670304
248676860
248676870
248678070
248680593
248685250
248687827
248690694
248699387
248734837
248770144
248784974
248812525
248815749
248830194
248830815
248883629
248883630
248884521
248905384
248911390
248911391
248913776
248921034
248921952
248923663
248924369
248924815
248925674
248925675
248928992
248930201
248930349
