10001
51666
73887
94913
116049
137733
186053
264182
281532
455671
586229
608718
634138
665093
708144
734258
765506
788990
811908
833188
856007
878066
899172
919621
936440
950677
965264
981619
1000740
1020234
1038874
1054212
1073505
1092349
1114174
1133937
1154389
1174995
1195952
1214109
1232291
1248750
1268126
1286783
1301610
1316615
1332943
1348031
1365573
1384359
1401942
1420175
1438099
1456228
1474367
1490484
1507625
1524818
1541964
1561295
1579533
1597344
1615766
1631698
1649309
1667178
1686661
1705389
1725823
1744932
1764141
1784854
1806569
1827530
1847774
1867703
1887687
1907030
1926051
1945034
1965078
1983998
2004766
2026224
2046232
2065344
2085495
2104836
2123237
2142125
2161520
2180924
2199849
2218785
2236620
2256127
2275337
2293378
2310256
2327307
2346905
2368895
2388185
2406412
2425911
2446096
2467458
2487455
2505276
2522544
2541402
2560092
2581673
2601490
2623798
2644895
2659822
2677273
2689292
2700420
2756398
2771893
2789606
2809848
2828843
2850650
2870636
2890462
2910425
2930544
2951661
2973049
2993199
3015342
3034795
3057035
3076870
3097565
3118180
3139081
3159933
3181213
3200965
3222735
3243944
3265413
3285535
3307149
3328132
3349488
3370103
3390985
3411525
3430842
3452492
3472156
3492175
3510334
3530515
3550656
3572011
3591731
3612431
3633440
3655000
3677504
3697865
3719215
3737784
3758857
3779397
3799590
3822139
3844335
3867244
3889651
3909957
3930506
3953725
3977052
3999295
4022590
4046442
4067075
4089607
4111871
4134623
4156760
4179031
4199962
4221297
4244361
4267287
4290894
4312651
4334450
4356884
4379118
4401494
4424572
4446822
4468452
4490319
4511454
4532416
4554221
4576402
4598189
4620195
4642762
4663846
4686638
4708590
4729626
4751395
4773261
4795558
4817847
4839699
4862161
4883300
4905486
4927376
4949350
4971054
4993050
5015685
5039005
5059245
5081942
5105961
5128080
5150971
5173108
5195578
5217437
5239828
5260814
5282562
5304248
5327085
5349554
5371776
5393524
5414539
5435852
5457709
5480418
5502021
5524513
5547807
5571893
5595106
5618075
5641817
5664325
5684101
5707454
5730836
5753437
5776570
5799546
5821588
5844504
5865226
5884807
5906528
5929259
5951298
5973076
5994144
6014985
6037787
6059999
6082622
6103399
6122670
6144109
6164092
6184662
6206226
6226350
6246587
6266730
6288493
6309999
6333280
6355377
6377300
6398741
6421149
6443406
6462921
6482246
6504500
6526498
6548475
6569688
6589092
6607835
6625367
6645152
6668375
6692343
6714320
6736334
6759305
6783018
6803978
6827788
6851060
6874701
6898022
6919814
6942464
6966084
6989763
7013933
7038248
7062353
7086610
7109539
7133815
7157332
7181986
7206522
7230659
7254338
7279118
7303384
7328369
7352348
7375735
7399498
7422219
7445327
7467985
7491193
7511605
7535139
7557891
7580625
7603035
7626725
7649458
7670573
7693021
7714283
7737801
7761621
7784530
7805336
7828018
7849835
7873906
7897931
7921990
7945376
7967176
7988583
8012057
8033937
8058488
8082730
8107418
8131574
8153574
8177197
8200667
8223395
8245191
8268384
8291139
8315286
8337142
8357211
8376818
8399213
8421030
8443612
8467110
8490297
8510427
8533260
8556637
8579497
8602559
8625624
8649329
8672200
8695423
8718060
8741111
8764250
8786965
8809383
8831686
8855306
8876265
8897910
8920590
8942810
8965231
8988205
9010806
9032817
9055729
9078505
9102520
9125098
9148351
9171922
9195589
9219048
9241184
9262652
9284841
9307556
9330217
9352857
9375752
9398997
9422036
9446510
9469912
9492064
9514598
9537351
9559582
9582444
9603377
9624980
9648537
9671700
9694770
9718382
9737605
9759232
9779687
9800990
9822894
9845418
9868783
9891920
9914353
9938018
9961187
9984263
10007898
10030712
10052990
10076432
10100113
10123552
10147204
10170455
10191357
10214806
10237701
10260799
10284612
10308403
10332153
10356252
10379499
10402141
10423817
10444597
10465322
10488005
10511941
10536756
10561389
10585808
10610402
10632863
10653126
10673552
10695788
10718121
10741443
10764231
10787462
10810013
10832037
10854484
10876604
10899963
10923415
10946402
10968288
10991696
11013704
11034241
11054319
11075578
11097425
11119237
11138286
11160609
11184456
11206810
11229551
11250177
11272093
11294230
11318210
11341401
11365424
11388611
11411802
11434027
11456198
11479251
11502553
11525763
11547162
11570748
11595264
11618582
11642220
11663239
11684116
11707310
11730838
11753969
11776603
11797044
11819445
11840314
11861386
11884068
11906811
11927119
11950090
11971026
11993622
12015050
12036269
12059274
12082695
12106505
12129734
12152691
12176809
12199785
12222927
12245690
12268730
12291568
12314763
12338424
12362683
12386245
12410291
12435058
12459666
12484048
12507364
12530387
12553266
12576881
12599863
12623377
12646305
12668443
12691091
12714712
12738046
12761610
12783517
12801992
12823728
12840220
12859663
12877062
12892427
12911168
12934747
13006120
13033619
13056042
13089324
13116020
13170489
13192594
13227952
13244553
13267861
13295428
13316369
13333687
13353967
13376325
13396659
13417978
13440074
13463782
13487752
13511130
13534118
13557913
13580701
13602749
13625374
13650092
13673517
13698639
13722524
13747754
13769384
13790423
13813879
13837332
13861221
13885208
13909976
13934363
13959053
13983121
14007571
14031628
14055569
14079144
14102987
14126628
14150141
14174375
14197730
14221081
14244079
14267382
14290630
14313510
14337086
14360214
14380937
14400200
14419421
14441321
14464789
14486886
14510011
14532454
14554694
14577674
14600106
14623952
14647612
14671670
14695533
14719565
14742953
14766961
14790812
14814185
14837368
14860072
14883543
14906714
14929347
14952536
14976464
14999409
15022880
15046443
15069518
15092432
15114070
15139190
15163090
15187590
15212432
15237617
15262249
15287953
15311703
15335381
15357957
15380343
15403799
15426745
15449101
15471719
15493993
15517604
15538899
15562696
15585054
15607084
15629859
15652110
15674587
15698344
15722372
15742682
15764360
15786427
15809317
15832502
15850881
15872640
15895899
15919219
15939233
15961565
15985679
16008911
16029588
16049775
16070732
16092720
16115509
16136094
16156768
16179965
16203066
16225228
16248105
16272505
16296518
16319642
16342204
16363971
16385787
16408843
16431875
16454622
16476412
16497535
16515515
16533235
16548497
16566731
16580488
16594129
16614846
16636848
16655930
16685003
16703053
16719956
16745503
16762313
16780113
16798776
16867069
16882453
16899237
16915465
16933247
16949831
16970266
16991520
17012118
17034500
17057272
17081372
17104636
17128249
17152296
17174916
17198710
17220985
17241500
17265036
17287874
17311935
17336092
17358357
17380421
17399647
17419209
17438666
17459655
17482159
17505398
17529232
17552593
17576870
17599915
17622809
17645524
17667958
17690067
17712569
17736064
17759819
17782861
17806519
17830006
17853691
17877697
17900628
17924602
17947633
17970404
17993420
18015513
18037265
18059186
18081060
18104027
18126770
18150682
18172896
18196135
18219217
18242321
18264462
18286855
18309523
18333260
18355931
18377954
18401098
18424816
18448301
18471650
18494335
18518739
18542193
18565551
18588890
18611358
18633196
18653747
18676410
18699547
18721964
18743761
18766768
18790481
18813894
18837251
18859191
18881608
18905085
18927910
18952141
18975834
18999909
19024893
19048364
19070784
19093808
19117493
19141478
19164393
19187589
19210933
19234827
19256828
19279442
19302805
19324733
19346089
19368831
19392652
19416251
19439823
19462532
19485038
19508033
19532407
19556037
19580123
19604675
19629382
19652660
19674603
19697681
19721888
19745730
19770025
19794245
19817169
19840604
19864247
19887224
19910927
19933720
19958709
19981587
20004262
20028058
20051633
20075990
20099397
20121455
20143588
20165714
20189160
20213402
20238364
20262712
20286024
20308770
20330615
20353253
20377306
20402339
20427471
20451410
20474083
20497696
20521253
20546655
20569845
20594123
20618495
20642232
20663138
20685830
20708225
20729057
20750688
20771533
20791600
20815050
20837624
20861424
20885252
20909580
20933308
20956749
20980493
21004540
21026974
21051582
21074663
21098029
21121390
21144198
21166919
21188621
21212166
21235352
21258054
21281437
21305371
21329803
21353106
21377070
21400830
21424529
21447258
21472707
21497497
21520660
21544749
21567622
21590427
21611798
21634884
21657925
21681214
21704251
21727778
21751076
21773380
21794702
21817496
21838239
21858420
21879107
21901141
21924434
21946596
21970523
21991892
22012485
22034937
22057933
22079893
22103441
22126346
22150253
22174318
22197591
22221340
22243942
22266861
22289444
22313416
22336313
22358176
22382670
22406632
22430788
22455850
22480977
22506040
22529197
22552349
22575345
22595711
22616549
22638970
22661377
22684911
22710216
22733476
22757898
22781924
22805435
22830023
22854504
22878469
22902695
22925917
22951001
22974874
22999356
23022660
23047395
23072411
23094586
23119883
23144761
23168346
23192655
23216719
23241229
23265069
23289642
23312799
23334986
23356248
23378207
23402125
23426104
23449557
23474469
23497993
23520408
23543562
23562408
23585341
23610010
23633793
23657800
23681368
23701877
23724529
23748091
23770398
23792446
23813303
23837135
23859653
23883124
23906676
23930675
23953872
23975519
23996793
24020904
24043292
24067068
24089359
24110969
24134322
24157484
24181740
24204695
24228131
24252146
24276159
24300239
24326048
24349680
24373685
24398911
24424400
24450009
24475530
24500144
24524332
24549316
24573470
24597757
24622996
24644867
24666541
24688778
24710972
24733900
24756562
24780624
24802697
24825977
24850622
24874819
24900471
24922476
24944656
24967844
24991352
25014212
25036838
25060086
25084006
25107719
25131954
25156669
25180710
25203608
25227264
25247399
25271624
25297629
25323000
25351286
25379128
25402613
25426998
25450047
25473503
25498691
25523368
25547484
25569789
25593016
25617082
25641694
25665968
25690417
25715522
25740503
25764152
25785948
25809607
25831074
25856548
25879421
25903386
25927023
25951145
25975521
25999378
26023491
26046207
26068956
26093220
26116457
26141974
26165627
26187971
26210709
26234694
26257897
26280366
26302222
26325908
26347551
26370017
26392604
26413659
26436987
26461844
26482060
26504594
26527917
26551578
26574486
26597208
26621202
26644158
26668024
26692422
26710828
26731647
26753695
26771618
26786363
26807889
26829958
26852996
26875546
26896969
26919632
26941493
26964135
26989056
27010774
27034317
27058600
27080046
27102931
27126251
27150787
27174053
27197666
27221975
27245533
27269726
27294308
27318535
27341052
27361246
27382720
27405219
27429099
27452739
27475525
27497813
27521419
27544488
27565389
27588025
27610236
27633659
27656940
27680004
27704965
27728838
27753353
27778106
27802458
27827050
27849742
27871101
27893873
27916224
27940604
27964371
27989663
28014788
28040369
28065113
28089204
28113879
28137845
28161355
28184793
28208603
28231786
28254399
28275782
28299276
28322718
28345699
28368671
28390844
28413765
28438400
28461640
28485459
28507918
28527988
28548594
28570243
28591573
28615070
28636925
28658554
28679158
28701445
28723840
28744734
28765900
28788490
28812364
28836784
28860498
28883903
28907920
28931960
28956809
28981303
29005977
29031009
29055792
29080333
29105120
29126772
29148217
29170596
29191530
29215350
29238642
29262326
29286943
29310970
29334973
29359119
29382697
29405714
29429618
29454146
29478416
29502574
29525872
29549806
29574692
29598943
29623730
29647832
29672402
29695899
29718990
29742227
29766075
29788843
29812181
29835181
29858802
29882847
29906008
29928583
29951332
29975362
30000190
30024182
30047855
30072234
30095284
30117988
30141041
30164695
30189645
30213163
30237057
30260329
30282700
30305083
30327177
30349867
30373583
30397749
30420714
30443298
30465424
30488439
30510563
30534052
30559289
30583422
30607575
30631402
30653464
30675288
30698424
30719987
30742835
30765221
30787813
30810602
30833654
30856811
30878862
30901075
30923898
30947137
30970570
30993978
31017841
31040955
31062361
31084706
31107918
31130812
31153912
31176160
31198153
31222497
31246917
31270337
31293664
31317313
31342521
31367410
31392014
31415931
31437127
31461753
31486935
31510769
31534902
31557969
31581872
31605151
31628699
31652669
31675339
31697020
31720888
31742691
31765993
31790667
31813191
31836950
31860664
31885421
31909461
31931934
31954077
31977809
32001777
32022941
32045212
32068294
32089538
32111317
32133583
32156292
32178988
32200850
32221123
32243653
32266445
32288434
32312517
32334621
32356825
32378460
32402010
32427689
32451345
32474718
32500133
32523929
32547310
32570745
32594102
32617752
32641369
32661342
32681926
32703334
32726625
32749431
32771508
32793422
32815626
32837701
32861467
32884504
32907675
32932199
32954512
32975974
32999888
33022361
33045859
33068552
33092925
33118571
33144214
33168950
33193910
33218982
33243860
33267889
33291985
33313190
33336145
33359469
33384101
33409147
33433759
33457413
33481487
33505558
33529014
33552852
33577244
33601109
33624563
33648451
33671999
33694329
33718024
33741205
33764882
33787915
33811174
33833658
33857486
33881443
33906036
33929876
33953976
33977679
34001722
34026289
34051414
34076264
34097773
34122010
34146166
34169148
34192753
34214902
34238571
34260578
34283527
34305998
34327623
34350026
34372647
34396433
34420240
34443524
34467055
34490579
34514117
34537453
34561623
34586953
34610457
34633977
34659352
34683963
34706783
34730513
34754092
34776958
34800901
34827207
34852292
34875902
34900569
34923987
34947689
34971996
34995034
35019311
35043170
35068500
35092461
35115470
35138678
35162004
35183164
35202944
35225751
35248258
35270586
35293061
35315987
35339628
35363729
35386576
35410637
35434221
35458790
35483137
35507499
35531710
35556347
35578916
35602802
35628150
35652785
35676602
35700508
35723873
35748434
35772099
35797498
35821091
35844861
35869394
35892720
35915989
35939272
35962869
35987306
36010887
36035099
36059797
36084577
36104262
36127042
36150308
36173334
36194377
36217091
36237984
36258387
36279854
36301769
36322335
36343910
36365817
36388361
36411106
36435408
36460364
36481964
36505761
36528906
36552963
36575701
36598985
36622810
36647249
36670780
36694692
36718407
36741795
36765458
36787851
36810023
36833463
36856134
36879822
36903458
36926770
36950035
36971102
36993948
37017701
37040668
37064324
37085668
37108304
37131893
37155307
37178882
37203409
37227409
37250246
37272892
37296222
37319606
37344076
37369008
37393670
37419634
37443352
37467622
37490032
37512752
37534665
37557649
37581201
37605279
37628912
37652129
37675068
37699177
37721853
37745246
37768036
37792753
37813887
37838059
37861574
37884958
37907658
37931674
37954575
37977239
37998959
38020726
38043704
38067648
38092751
38117827
38141513
38166093
38191105
38215679
38239825
38263968
38287625
38312783
38337240
38360799
38385733
38410772
38435070
38459835
38484714
38509060
38533265
38558668
38583521
38608427
38632969
38657107
38682554
38707015
38732411
38757889
38782070
38807131
38831018
38855197
38877162
38901770
38925108
38948553
38971056
38993100
39014555
39037774
39061756
39084143
39107244
39131392
39155962
39180213
39204561
39229039
39252610
39277385
39301080
39324740
39346958
39370540
39394196
39416437
39439242
39461769
39485664
39509132
39532941
39558143
39577283
39600368
39622601
39646526
39670824
39694389
39719089
39743536
39766344
39790230
39813693
39837927
39862591
39885785
39908852
39931541
39955700
39978295
40001539
40025785
40050254
40074343
40097763
40122223
40146747
40170614
40194083
40217846
40240716
40263703
40287647
40310053
40333223
40357757
40383537
40408584
40433571
40458988
40483210
40508008
40533163
40556962
40580658
40604661
40628880
40652990
40677878
40700688
40724569
40748047
40771453
40795464
40819649
40842944
40866343
40890475
40914805
40938452
40961597
40984602
41008228
41029866
41054398
41079421
41104053
41129118
41153104
41177897
41202192
41226717
41250520
41275753
41299802
41324320
41349086
41372603
41395897
41419695
41442780
41465667
41488338
41510804
41530346
41552956
41577628
41600567
41625915
41650614
41674955
41699788
41724477
41748676
41773741
41798907
41823797
41848921
41873339
41898007
41923887
41950171
41975788
42000591
42026871
42051716
42075840
42099684
42123672
42146915
42168067
42191184
42214319
42236714
42258905
42282686
42305694
42328504
42352238
42376174
42399889
42424820
42450235
42473369
42499814
42524860
42550658
42576223
42602421
42628538
42654441
42679208
42700284
42722711
42745296
42767083
42790948
42815571
42841010
42864415
42889314
42913238
42933402
42957941
42981834
43006588
43030553
43055342
43079635
43104805
43129153
43154850
43178672
43203651
43228440
43253870
43278434
43303102
43325103
43348810
43369265
43393181
43416447
43436866
43455464
43480937
43505405
43530306
43552546
43574071
43594913
43615182
43635794
43659291
43682568
43705818
43728656
43752834
43777466
43802624
43827231
43852778
43876963
43901736
43923321
43946731
43970812
43991547
44012093
44035031
44060126
44085096
44108637
44131789
44154877
44179397
44204277
44227575
44251437
44275800
44300525
44324684
44348883
44372642
44396691
44419754
44444288
44469309
44494450
44518274
44543060
44567450
44592607
44617307
44641101
44664445
44689793
44713943
44734953
44756566
44777920
44798175
44818710
44836767
44861278
44886025
44912341
44937184
44962432
44987256
45009570
45032342
45058236
45084110
45108537
45134112
45159527
45183015
45206717
45232229
45257804
45283414
45306869
45330323
45348480
45374243
45399594
45425705
45450463
45475344
45497697
45518595
45540849
45564078
45586176
45607492
45626181
45647181
45668560
45689386
45713042
45735554
45758055
45780567
45803442
45825814
45848683
45871945
45895031
45917960
45940289
45963561
45986313
46010584
46032841
46055309
46079785
46103685
46127538
46150895
46175967
46197283
46220729
46243427
46266433
46288369
46310996
46332840
46356567
46381418
46405387
46427385
46451627
46475944
46499504
46522827
46546446
46568934
46593636
46618430
46643988
46668783
46693536
46717424
46740805
46765641
46789387
46812261
46835253
46859209
46883561
46909000
46931289
46952038
46975340
46999133
47023849
47049619
47074109
47098213
47122275
47144639
47168764
47190978
47215688
47238524
47262273
47285686
47309186
47333278
47356621
47381213
47406552
47430708
47452719
47476451
47501049
47525726
47551150
47575959
47599522
47623351
47646417
47670396
47694265
47718151
47740885
47763513
47786149
47810080
47833758
47857470
47880938
47904721
47928915
47952253
47975251
47997821
48021535
48045498
48069719
48094026
48118670
48144383
48168796
48193186
48218340
48241726
48267831
48288669
48311746
48332554
48356020
48376062
48399057
48423268
48446347
48471413
48494137
48518674
48543183
48568270
48592289
48617184
48642108
48666451
48691523
48716055
48740376
48764710
48789844
48815395
48841184
48866784
48892068
48917785
48943636
48968952
48993935
49016516
49042380
49067416
49090866
49114919
49136798
49160892
49185722
49210037
49235105
49258181
49280363
49301898
49325806
49350473
49374959
49397964
49422231
49446212
49470914
49494373
49516320
49540742
49562090
49583263
49606424
49631092
49654794
49677541
49701243
49723883
49744643
49767273
49791655
49816042
49838533
49862274
49881981
49905965
49927615
49948018
49970792
49994705
50019328
50044413
50068445
50092537
50116857
50141021
50165314
50189058
50212996
50236691
50260619
50284760
50308730
50333442
50357980
50381093
50405193
50426830
50451239
50476746
50501739
50526077
50551000
50575798
50600247
50624085
50647716
50671477
50694096
50717832
50741341
50763375
50787299
50811763
50835683
50860091
50883646
50905953
50928755
50952891
50975959
51000222
51025142
51049443
51074602
51099492
51123892
51147913
51172800
51197894
51222612
51246353
51269875
51294401
51317964
51342245
51366021
51388663
51411506
51435845
51459938
51483269
51506238
51530110
51555454
51580404
51604561
51629084
51653498
51678431
51704099
51728565
51753428
51778790
51801910
51828256
51850812
51874877
51899067
51923026
51948261
51973293
51997678
52021183
52045401
52068787
52092294
52116718
52142096
52165343
52186993
52210504
52234447
52257645
52281496
52305069
52328064
52351721
52372113
52395260
52417650
52441341
52464457
52488571
52512513
52535344
52557991
52583759
52609167
52633836
52658226
52683489
52707846
52731255
52754269
52777482
52800590
52824290
52847093
52869731
52892568
52915960
52941163
52966034
52991772
53016733
53043548
53069193
53090816
53110760
53134337
53158128
53181414
53206195
53228189
53252928
53278255
53302801
53326634
53350739
53374457
53398201
53421914
53445451
53468960
53494025
53515642
53538548
53561048
53586498
53610795
53634471
53658793
53683201
53707177
53731389
53755584
53780932
53804500
53828893
53852801
53878229
53903238
53927634
53950907
53974130
53999598
54021292
54045877
54070403
54096530
54122187
54145333
54169252
54193095
54216468
54237232
54257540
54279098
54301009
54322618
54344419
54366905
54388716
54407872
54431516
54455458
54477837
54500352
54523923
54548201
54570661
54594866
54616226
54639086
54662095
54684819
54708311
54733171
54757418
54781189
54804911
54828714
54853725
54878796
54902516
54925579
54950356
54975449
54999216
55022567
55045672
55067359
55091474
55115528
55139253
55163704
55187750
55211660
55234774
55258831
55281940
55305088
55328753
55351445
55375102
55399342
55422394
55445873
55469326
55493056
55516180
55539305
55562449
55584951
55608388
55631973
55655818
55672930
55696206
55719527
55742497
55766099
55789317
55811601
55834774
55858216
55881371
55905019
55928286
55951016
55974241
55997716
56020372
56043824
56066627
56089555
56111988
56135211
56159366
56184085
56208513
56233014
56256344
56279982
56303803
56327617
56351208
56377885
56402503
56427017
56451543
56476319
56500907
56525217
56550011
56574358
56598465
56623126
56647759
56672031
56696143
56719359
56742745
56766194
56790308
56813511
56835998
56858502
56880684
56902595
56924107
56945949
56966907
56989126
57012918
57035485
57058190
57081315
57104513
57127423
57150417
57173472
57197300
57221351
57245772
57269709
57293024
57316364
57339983
57363723
57387388
57410983
57434164
57458151
57481882
57506497
57530791
57554892
57576997
57601385
57625799
57650082
57674331
57697701
57722199
57746760
57771571
57795728
57819997
57844223
57868934
57893284
57916932
57941007
57965150
57989478
58013889
58038558
58062641
58086889
58112354
58133193
58157164
58180729
58205158
58228986
58253122
58276788
58301781
58327726
58352630
58375767
58399381
58424359
58449132
58472956
58495097
58519059
58543185
58567892
58591876
58618013
58642891
58667285
58691018
58714202
58736753
58760708
58783407
58807326
58832745
58858235
58883347
58907983
58932516
58955675
58977840
59001718
59025189
59048312
59072596
59096198
59118618
59141583
59166052
59190326
59214367
59238092
59260899
59285236
59309774
59334178
59358957
59380583
59405084
59429269
59453867
59475024
59499125
59522716
59543532
59566975
59589014
59610895
59633257
59654322
59677712
59702060
59726256
59750623
59775226
59799895
59823897
59848780
59873166
59897135
59920764
59945308
59968901
59992080
60014889
60038311
60061950
60084433
60108073
60131242
60155383
60178113
60201048
60221491
60244253
60266410
60288350
60310679
60332747
60356100
60378798
60401880
60425964
60448704
60471877
60494365
60516087
60540448
60564036
60588366
60611922
60636672
60659135
60682573
60706438
60730434
60754013
60776242
60798138
60822428
60846901
60871960
60895918
60919111
60941422
60964143
60986330
61008415
61031419
61054143
61077607
61100122
61123832
61146900
61171134
61194721
61218067
61241969
61265766
61289954
61314144
61338267
61362987
61387877
61412382
61437237
61461511
61484697
61508598
61533867
61559215
61584598
61610801
61636946
61662518
61687971
61712185
61735443
61758861
61782945
61807331
61831175
61856621
61880906
61905804
61930139
61953837
61978966
62004529
62030202
62055385
62080280
62105994
62130636
62154832
62176988
62197503
62216767
62239938
62264195
62287738
62312993
62336372
62360194
62383810
62408656
62433912
62454002
62478147
62502559
62526522
62550887
62573677
62597960
62621497
62645159
62668676
62691033
62714635
62739555
62763517
62788015
62813278
62838798
62864488
62890840
62916355
62940037
62964318
62987422
63011252
63035477
63059576
63083383
63106865
63131063
63154882
63178252
63201540
63225763
63250542
63275311
63299439
63322048
63343151
63367802
63392779
63418347
63443327
63468796
63492267
63515924
63540967
63566509
63592792
63616032
63640167
63665580
63690434
63715069
63740245
63765091
63789428
63814251
63839101
63863900
63889526
63915072
63939343
63963967
63989448
64014777
64039409
64064986
64090560
64116059
64140204
64165350
64189872
64213432
64238782
64262744
64286799
64311742
64336646
64359733
64384705
64409227
64432520
64456285
64479190
64505398
64530531
64554902
64580207
64605008
64629998
64653893
64678109
64702361
64726577
64750088
64775416
64800117
64824987
64846521
64868945
64893086
64917544
64942198
64966521
64990670
65015214
65040704
65063505
65086426
65110651
65135017
65157610
65181333
65205098
65229521
65253683
65278912
65304399
65329675
65354915
65379420
65404528
65428096
65452186
65474808
65500309
65526023
65549230
65571201
65595777
65620657
65645325
65669082
65693415
65718712
65743505
65768273
65792925
65818318
65842807
65867362
65889744
65913960
65937867
65962298
65986395
66010515
66033732
66057809
66081854
66104661
66127508
66151868
66175751
66197969
66219716
66244094
66268136
66292179
66316564
66341014
66365978
66389549
66411802
66433096
66455782
66479094
66501573
66523650
66546780
66569374
66592492
66615269
66638204
66661230
66683767
66707625
66731235
66754235
66777733
66798281
66821451
66844043
66868309
66892159
66916254
66938166
66961157
66984080
67007306
67032187
67055973
67081831
67106618
67131345
67155246
67179112
67201650
67225162
67248943
67272752
67297068
67321444
67345939
67371468
67395793
67417967
67439143
67462680
67486176
67509742
67532739
67556415
67580277
67603683
67627929
67651753
67675433
67699347
67722925
67746957
67770858
67794470
67818473
67841749
67866441
67891093
67915539
67939628
67964146
67988712
68011941
68035669
68059211
68082603
68104239
68126354
68149953
68173268
68197477
68222235
68245331
68268761
68292332
68315799
68339391
68363254
68387437
68410385
68434030
68456679
68480911
68505075
68530170
68553899
68578053
68601371
68624851
68649050
68672201
68693995
68717297
68740504
68764384
68787635
68811452
68834657
68857826
68878750
68899825
68923156
68943748
68967084
68989618
69010766
69033366
69055539
69078825
69100647
69120385
69143997
69168219
69191892
69215408
69239244
69262868
69285689
69308652
69331457
69355217
69378552
69401050
69424068
69446860
69469058
69491636
69515251
69538394
69561852
69584265
69607981
69631304
69655145
69678612
69701822
69724963
69747851
69771168
69794267
69816575
69839969
69862897
69885226
69906871
69926650
69949954
69974577
69998440
70023336
70047728
70072952
70098241
70123941
70147721
70172107
70195545
70218696
70241092
70263225
70287147
70311111
70335631
70358440
70382384
70407960
70432177
70456443
70479992
70504244
70528783
70553641
70577947
70599508
70621418
70645994
70670257
70695293
70720222
70743069
70766526
70790702
70813796
70836909
70860031
70883719
70907503
70930514
70952975
70975647
70998712
71023063
71046579
71067812
71089370
71111785
71132636
71154914
71177754
71201535
71223465
71247642
71271127
71294768
71318981
71341605
71365036
71388065
71410916
71434831
71458265
71482358
71505548
71529541
71553010
71575849
71598457
71621181
71643332
71665931
71688450
71710201
71732128
71754208
71775908
71797356
71818192
71840065
71861834
71883680
71907503
71928537
71950694
71973511
71995508
72017906
72040036
72062099
72083911
72105919
72127479
72149246
72171354
72193806
72216106
72238260
72260157
72282271
72309842
72352742
72376476
72397999
72421278
72443847
72466323
72489461
72512571
72535527
72558835
72582090
72605374
72629369
72652886
72676855
72700093
72723226
72746998
72770313
72793071
72814682
72835521
72858769
72882075
72903695
72926206
72950501
72973479
72992586
73014896
73038547
73060791
73082982
73106202
73129505
73151199
73175366
73198274
73221309
73243122
73264644
73287483
73310266
73332831
73356054
73378901
73402377
73425608
73447798
73471148
73493872
73517528
73540908
73564070
73587403
73610785
73632562
73654540
73675999
73697082
73718650
73739979
73761232
73782484
73803953
73825009
73847027
73868889
73890757
73912446
73934372
73955870
73976848
73998734
74021149
74042794
74064918
74087625
74108906
74130609
74151750
74173764
74195913
74217010
74239733
74261528
74285023
74308601
74331732
74352959
74374810
74397834
74420574
74443755
74464700
74486675
74508586
74530978
74552837
74572944
74594586
74616924
74640780
74663418
74685931
74709247
74732308
74754829
74779681
74803876
74827707
74852608
74875442
74895219
74916449
74937487
74961648
74986618
75009333
75033433
75056868
75081716
75107139
75129293
75151307
75175301
75198324
75222329
75246787
75271397
75294700
75319078
75343189
75367347
75388922
75412016
75436889
75460924
75481859
75505957
75530767
75555116
75579459
75603760
75626877
75650171
75673663
75694220
75717339
75739072
75761918
75785052
75807073
75830785
75854388
75878502
75901488
75925138
75949292
75973938
75998386
76022398
76047196
76072452
76097213
76121285
76145593
76170117
76193926
76218116
76242845
76266873
76291381
76315493
76339654
76363521
76388478
76412291
76436599
76459020
76482834
76505880
76530080
76554152
76578366
76602632
76627119
76650787
76674045
76698387
76720996
76743386
76766134
76788779
76810766
76833468
76856307
76879304
76902988
76926219
76951107
76973372
76995485
77016798
77041322
77065465
77090434
77114896
77140006
77164429
77189090
77214534
77239316
77264567
77289045
77313391
77338005
77362528
77386233
77410655
77434645
77459270
77484589
77509014
77533286
77557498
77581533
77606419
77630766
77654316
77678310
77701068
77723952
77747082
77769763
77792234
77815694
77839992
77864709
77887425
77912281
77936079
77958235
77977582
77999995
78024391
78049566
78074427
78099464
78123837
78149426
78174917
78199286
78222251
78246911
78270369
78294700
78318461
78342981
78366999
78391394
78414745
78438608
78462312
78484626
78507816
78530757
78552915
78575079
78597749
78620321
78641988
78663162
78685859
78708354
78731270
78753398
78775341
78797860
78819867
78842382
78864326
78886420
78908757
78931143
78953005
78975441
78997956
79019126
79040856
79063421
79086212
79108164
79130962
79153391
79174860
79197763
79220451
79242852
79266148
79288698
79311382
79333038
79355372
79378174
79401427
79423001
79445891
79469296
79492096
79514730
79536880
79560534
79582765
79607337
79631186
79654373
79679072
79701190
79723757
79747752
79771865
79795787
79820095
79844473
79867860
79889158
79910719
79933005
79951253
79973630
79997684
80020732
80045260
80067530
80090256
80112466
80133059
80152308
80175423
80197764
80221025
80243522
80265116
80287501
80309638
80331983
80354537
80378088
80399304
80419944
80442820
80465059
80487888
80509470
80531232
80554073
80576918
80598916
80621570
80644648
80667760
80690066
80711289
80732943
80754331
80776809
80798384
80821019
80842701
80863903
80885085
80906577
80928766
80951406
80973414
80996940
81019724
81042096
81065479
81088989
81111706
81134724
81158112
81180450
81203384
81226622
81248873
81271158
81293706
81315819
81338044
81360048
81381720
81402169
81423946
81445879
81467501
81489623
81511679
81534022
81557110
81579865
81603130
81626578
81649450
81672010
81695545
81719154
81743142
81766104
81789107
81810734
81833018
81856206
81878896
81901809
81924801
81947453
81970465
81993491
82015241
82037952
82061923
82084753
82107945
82131670
82152563
82175499
82199195
82222894
82246326
82269022
82291731
82315210
82338197
82360164
82383408
82407244
82430017
82452192
82475162
82498165
82521301
82544086
82567081
82588603
82610072
82631972
82654762
82677730
82700369
82722964
82745187
82768199
82791143
82815754
82839193
82862408
82885227
82908295
82932255
82956013
82978704
83003295
83027134
83050545
83075125
83100074
83124648
83150103
83173148
83194379
83219915
83244763
83267014
83291714
83315545
83340353
83361691
83386264
83411632
83436517
83460961
83486035
83510127
83533910
83557647
83582664
83606568
83630248
83653995
83678172
83701256
83726651
83752238
83778056
83803609
83828462
83854292
83879869
83903591
83927280
83952293
83977768
84001711
84024915
84046991
84075140
84098776
84122784
84147074
84172484
84196997
84221338
84243772
84266938
84290303
84315007
84340106
84365479
84390548
84415277
84440110
84464771
84489080
84511259
84537605
84563453
84589293
84615746
84640545
84663354
84686680
84710906
84734703
84757537
84781433
84806045
84830732
84855941
84880129
84904209
84927940
84952251
84977185
85001379
85026257
85051447
85076826
85101271
85126398
85151698
85177511
85201031
85225620
85251062
85273874
85298194
85324189
85349115
85375357
85400809
85425573
85449706
85473820
85498992
85521050
85542974
85568036
85591492
85615500
85640796
85663647
85688412
85712804
85737622
85763726
85786954
85811310
85832533
85856060
85878178
85902667
85925512
85949985
85975043
85999664
86024413
86048809
86073220
86097759
86121201
86143893
86165678
86188236
86212418
86236154
86259514
86285029
86309770
86334140
86357961
86382500
86406631
86430823
86454630
86478267
86501653
86524737
86550109
86573046
86597341
86620546
86640900
86664861
86690318
86714049
86738334
86762638
86787298
86809349
86832363
86856501
86879331
86901149
86923131
86946838
86969895
86993761
87017141
87041539
87065826
87090482
87114935
87138832
87164198
87188388
87211347
87234215
87258072
87281704
87304593
87329032
87350449
87375248
87399733
87424629
87448839
87473575
87497601
87521840
87546141
87570786
87594488
87618942
87641630
87664687
87687829
87711308
87734494
87758142
87781889
87806438
87830905
87854965
87878686
87902814
87927625
87951904
87977021
88001956
88026150
88051191
88077035
88102024
88127561
88152284
88177560
88202839
88227898
88252663
88276884
88301299
88325977
88349050
88374464
88399666
88425189
88450016
88473759
88498888
88524412
88549774
88574905
88599356
88623458
88647933
88673264
88696853
88720097
88743927
88767371
88790914
88814284
88838535
88861261
88884315
88907219
88932448
88958248
88982589
89005613
89029598
89053215
89075202
89099362
89123671
89146602
89169573
89193347
89216736
89238864
89261065
89283928
89308335
89331703
89355849
89380151
89403446
89426021
89451978
89477609
89500713
89524605
89547903
89572988
89598181
89623872
89648738
89673517
89698131
89722730
89747785
89771499
89796260
89820851
89843722
89868306
89892968
89918044
89942655
89967871
89992365
90015975
90039371
90061768
90084083
90108482
90133118
90156235
90179134
90203812
90226684
90250604
90275240
90300639
90325832
90350812
90376288
90400572
90425718
90451621
90477348
90502681
90527753
90553176
90577883
90602572
90626750
90651020
90675197
90699807
90721297
90745251
90769284
90793916
90819744
90844660
90869541
90893778
90917598
90940837
90964591
90988141
91010372
91033667
91056970
91080462
91103995
91127403
91153312
91178799
91202928
91226097
91250467
91275408
91297098
91319829
91344358
91367890
91390409
91413891
91437383
91459779
91483498
91507883
91532168
91558264
91583267
91608067
91632669
91656662
91680974
91706075
91730877
91755713
91780862
91805292
91830300
91854950
91880415
91904868
91928558
91951385
91973625
91996106
92021735
92045359
92070457
92094837
92119865
92144334
92169055
92193466
92218554
92240928
92263774
92288279
92312516
92338422
92365668
92390887
92416326
92439927
92464330
92487424
92513045
92537168
92559920
92584385
92606581
92629912
92651511
92675694
92698524
92721825
92745701
92769724
92792411
92816831
92839176
92863530
92889417
92914006
92939944
92964632
92989205
93013267
93037331
93061516
93085138
93108230
93132267
93156952
93181134
93206771
93232462
93258020
93282142
93308517
93334122
93357694
93382338
93405218
93428513
93452685
93476005
93499606
93519902
93544068
93567256
93591250
93617009
93641927
93666765
93691844
93717163
93741397
93767273
93794723
93821039
93846413
93868707
93892627
93916828
93942299
93967165
93993238
94016764
94039483
94061823
94084965
94108583
94131793
94155063
94178583
94202015
94225427
94249737
94274836
94299162
94324079
94348260
94372115
94395317
94419596
94443537
94466247
94490144
94512870
94537255
94561119
94584002
94607806
94631186
94655713
94680954
94706352
94730278
94755023
94779373
94804784
94829297
94853303
94878198
94902269
94926734
94951644
94977110
95002543
95028400
95053459
95076924
95102337
95126551
95151453
95175469
95200942
95226449
95250855
95276121
95299759
95324498
95348199
95372528
95396478
95420520
95444780
95468535
95491339
95515390
95539860
95564012
95587932
95611309
95635203
95658970
95682270
95705640
95728876
95753243
95776347
95799213
95822193
95845155
95867377
95890265
95912353
95934680
95957483
95980084
96002659
96025743
96049105
96069558
96093442
96117394
96140457
96162185
96185328
96208821
96232437
96253725
96275975
96299577
96322754
96346776
96370687
96392939
96416068
96438420
96461007
96483168
96505847
96528354
96550977
96573754
96597436
96616367
96638779
96660408
96682612
96705465
96727102
96749100
96769760
96791661
96813280
96837074
96859088
96881873
96903587
96926640
96949074
96971960
96994085
97016150
97038344
97060220
97082455
97106236
97129628
97152934
97174936
97198180
97221104
97243788
97266439
97288367
97309513
97329794
97352630
97374836
97397740
97419873
97442876
97465047
97487307
97509925
97531596
97554050
97575878
97597433
97620330
97643134
97665655
97687978
97709242
97731365
97753484
97775904
97798477
97821628
97844665
97867685
97890716
97913809
97936749
97958439
97980675
98003330
98025721
98047995
98070375
98092648
98115018
98137527
98159614
98181190
98203757
98225114
98247322
98269285
98291332
98313244
98335407
98357526
98378864
98401545
98423922
98445940
98468615
98490894
98512364
98532520
98554729
98577500
98598405
98620619
98641328
98664276
98687426
98711258
98735457
98760024
98784731
98807665
98831285
98855400
98878705
98902686
98926713
98951146
98974757
98999113
99022578
99045273
99068739
99090987
99112769
99135946
99158568
99181098
99203205
99225691
99248384
99270926
99294377
99317167
99339794
99362294
99385907
99407605
99431348
99455593
99480822
99505285
99527923
99553040
99576686
99600391
99624116
99647732
99672343
99696472
99721189
99745941
99771527
99796908
99820299
99844362
99866270
99888417
99911247
99935277
99960812
99986349
100011687
100037163
100060304
100084320
100108302
100131735
100155661
100181353
100206714
100232562
100258171
100281365
100305468
100329424
100353762
100378918
100404594
100429649
100455630
100481670
100507489
100533155
100556401
100579763
100601978
100624613
100645692
100667282
100686788
100708162
100731302
100753834
100777637
100801031
100823419
100846026
100869127
100894144
100917321
100941887
100965890
100991595
101016855
101042156
101067000
101092720
101115503
101138265
101160623
101182981
101205279
101227695
101249508
101270777
101293789
101317407
101340578
101362901
101385879
101408625
101431371
101453712
101476459
101498976
101519988
101543397
101564466
101588186
101610948
101634042
101657366
101680245
101703437
101726545
101750538
101773660
101796582
101819065
101841074
101864175
101886544
101909570
101932664
101955032
101977970
102000801
102023600
102045989
102068395
102091067
102113732
102136500
102159316
102182662
102206161
102229205
102251087
102274361
102296491
102318381
102341393
102363767
102386752
102409530
102431451
102452339
102474360
102496425
102517160
102539068
102562028
102584788
102607953
102629764
102651644
102673911
102696854
102718416
102740229
102761853
102782982
102804894
102825659
102845650
102866964
102888711
102910688
102931275
102953342
102975703
102997509
103019123
103040295
103061210
103083411
103105365
103127976
103149094
103170630
103191141
103213009
103234313
103256050
103276560
103297640
103319116
103341626
103362168
103379820
103400207
103422289
103444681
103467586
103488660
103511274
103533575
103555900
103575490
103597589
103623844
103697476
103764862
103785813
103807260
103827860
103848445
103867473
103886518
103908234
103929034
103951046
103972599
103994431
104016026
104036681
104057197
104079446
104102764
104125566
104149033
104171362
104191475
104213228
104232189
104254490
104276682
104299498
104322533
104343648
104365890
104386066
104406694
104427926
104448977
104468846
104489963
104510706
104531942
104552790
104573813
104594713
104615418
104637494
104659685
104680082
104701850
104724716
104746888
104768947
104791938
104813869
104833625
104855326
104875403
104897518
104918484
104938690
104959591
104981110
105003212
105024620
105046791
105069289
105090675
105112265
105133344
105155734
105176547
105197234
105217008
105236753
105258373
105280147
105302221
105322935
105344167
105364684
105385054
105405784
105426488
105447305
105468787
105492654
105514281
105534511
105555131
105576598
105597553
105619529
105640843
105661326
105682350
105703202
105722299
105742633
105761960
105782898
105803223
105822216
105842644
105863578
105884217
105905204
105926557
105946473
105963800
105983599
106004426
106026170
106047889
106069302
106090597
106111454
106131854
106152796
106171818
106192211
106213681
106235167
106256129
106277283
106298724
106318665
106338603
106359242
106380798
106402594
106424572
106445692
106467349
106488570
106511325
106533694
106555338
106577392
106598148
106619692
106641351
106662494
106684300
106706770
106728978
106751827
106774622
106797443
106820853
106844549
106867167
106891174
106914647
106937667
106961546
106986804
107010610
107035534
107058278
107081581
107103962
107126527
107148960
107173530
107197605
107221459
107245217
107269470
107294157
107319063
107343310
107366612
107389500
107413114
107436158
107459768
107482990
107505713
107528206
107551584
107575678
107599635
107623808
107647070
107670678
107694808
107718157
107740311
107763770
107787189
107811334
107835662
107859819
107883659
107907568
107931683
107956404
107980266
108004312
108028020
108052332
108077900
108102848
108127249
108151284
108173233
108198589
108222942
108265532
108324950
108351078
108375094
108459677
108486629
108507136
108529488
108552349
108576996
108601619
108626831
108650842
108672524
108695619
108718140
108742034
108766100
108789072
108813673
108838092
108862343
108887595
108913384
108937100
108961363
108985542
109008675
109031528
109053846
109075661
109098424
109120919
109145590
109169654
109192736
109216858
109240852
109261908
109281865
109304588
109327770
109351770
109375672
109399903
109423896
109448440
109473053
109495434
109519740
109544345
109569399
109594507
109619841
109642792
109668468
109697752
109721977
109746057
109768184
109792181
109815723
109840071
109863448
109886684
109909820
109932644
109957257
109982323
110008028
110032876
110054713
110077681
110101126
110124167
110148762
110171980
110195760
110217284
110238251
110262988
110288943
110315514
110339929
110363397
110386958
110409084
110434173
110458429
110481801
110503608
110525214
110548976
110573388
110597734
110620871
110644944
110670334
110694775
110719723
110742230
110764514
110787984
110810883
110833920
110859043
110884367
110909110
110934952
110957498
110980555
111005159
111029184
111054346
111076991
111100489
111125708
111148053
111172695
111196721
111219721
111241872
111265334
111288257
111310526
111333444
111356469
111380461
111403952
111427856
111450737
111475537
111498387
111521859
111545239
111569846
111594683
111618908
111642561
111665248
111688721
111713963
111737732
111760750
111784737
111810118
111834587
111858853
111883328
111907807
111933384
111958220
111982388
112005908
112028687
112051452
112074492
112097225
112119761
112142471
112164247
112185771
112206027
112225017
112247551
112270613
112292465
112315347
112338571
112362273
112385728
112409453
112433864
112458757
112483485
112508105
112532545
112558440
112582733
112607806
112631719
112655308
112679040
112701483
112723089
112745678
112768637
112790539
112813760
112835063
112856410
112879547
112901126
112924218
112947377
112970545
112995145
113019732
113044130
113067750
113088141
113112088
113136054
113161701
113187426
113212088
113236093
113260724
113285429
113311028
113335184
113358418
113382263
113407392
113432194
113457575
113481917
113509354
113533982
113558946
113583923
113608126
113633071
113655897
113682333
113706966
113731947
113756266
113780763
113805854
113829719
113854489
113879646
113902655
113925032
113947658
113971398
113993852
114018293
114042513
114065558
114089057
114111870
114134466
114156319
114179131
114201887
114225235
114248075
114272208
114295527
114317985
114340572
114363424
114388038
114411755
114435344
114459314
114482324
114505232
114528571
114552803
114576264
114599977
114624765
114648897
114672718
114694704
114717063
114739634
114763145
114787181
114809302
114832810
114856674
114881060
114905787
114930496
114954042
114977637
115001599
115023487
115046510
115070149
115094113
115118603
115142745
115164383
115187359
115210874
115233404
115256684
115279686
115303212
115327458
115350560
115372363
115394248
115416905
115439373
115461723
115483138
115505892
115528578
115552413
115576764
115600347
115624570
115648158
115671113
115693855
115717002
115738742
115761709
115784950
115808370
115831413
115854401
115877985
115901492
115925333
115949720
115975052
115999526
116024557
116049591
116072624
116097423
116121520
116144729
116167787
116190645
116213139
116234771
116257439
116280504
116302869
116326728
116350505
116373855
116397030
116420041
116443427
116466801
116490025
116514148
116539605
116565033
116588493
116612733
116637074
116661963
116685474
116709051
116732550
116754695
116776035
116799085
116822744
116845069
116868093
116891759
116914570
116939177
116962217
116984956
117009197
117033019
117057430
117081067
117105514
117128544
117153582
117177872
117202329
117224547
117248485
117272130
117296556
117319913
117344158
117366504
117389383
117413960
117436888
117461658
117486450
117511969
117536588
117561880
117584885
117608655
117632562
117656915
117681751
117705860
117727305
117751392
117774808
117799057
117822664
117847443
117871730
117896256
117920091
117943172
117966744
117990415
118013477
118037528
118061175
118085051
118108949
118133841
118157092
118181882
118205697
118229381
118251981
118276010
118296509
118319227
118341835
118363084
118385509
118407623
118430540
118452204
118474805
118497018
118518663
118538991
118560453
118578752
118601548
118624155
118644344
118666031
118688003
118708355
118729875
118752515
118775826
118798143
118820694
118840938
118865158
118887305
118910171
118933271
118957521
118981554
119003415
119026430
119051093
119075564
119100745
119125703
119149175
119170837
119192049
119216553
119241987
119265429
119290183
119313644
119335855
119358798
119381269
119402349
119424280
119447736
119470384
119492551
119512508
119533203
119556167
119578359
119600815
119622963
119646161
119670165
119694345
119717125
119739691
119761741
119785078
119807312
119829900
119849324
119871259
119893642
119916003
119935901
119958502
119981468
120002913
120024961
120045071
120068411
120087892
120107674
120129269
120150593
120176162
120199229
120227054
120261429
120323584
120350575
120370488
120389503
120408842
120426013
120449753
120469599
120490280
120516671
120545987
120572497
120634281
120664406
120690320
120721772
120755934
120784687
120809828
120832683
120856600
120879347
120901785
120927052
120945234
120962965
120981717
121001526
121020223
121040965
121060439
121080643
121100627
121120271
121138824
121160083
121181734
121203918
121226629
121250009
121272528
121294884
121316056
121340374
121363391
121382928
121400850
121420554
121444938
121469175
121488463
121507993
121528064
121547189
121568719
121585984
121603451
121617715
121627751
121637024
121648860
121663930
121686439
121698956
121714758
121730874
121740179
121749385
121760594
121770541
121788646
121806460
121835547
121845359
121866432
121885995
121908826
121932442
121952187
122032117
122048732
122068347
122083927
122103302
122124109
122146328
122168251
122192112
122213905
122235854
122270266
122293714
122336292
122356882
122381475
122397916
122424412
122443767
122465659
122494174
122509492
122519800
122530195
122540406
122550131
122561019
122572733
122583894
122595114
122606894
122618300
122629349
122639972
122650404
122661734
122672053
122681543
122691719
122702589
122713150
122724682
122735468
122746676
122757603
122768710
122780192
122790336
122801843
122812387
122823734
122834014
122845118
122855882
122866555
122877722
122887947
122899274
122910489
122922714
122934367
122945322
122955829
122967120
122978901
122989865
123001220
123012400
123023155
123033175
123043074
123054393
123065056
123076838
123087988
123098594
123109999
123120942
123131657
123142161
123152524
123163595
123174310
123185914
123197463
123209025
123220360
123232516
123242888
123253852
123265228
123275868
123286268
123296841
123307885
123319677
123330385
123341033
123352922
123363542
123375001
123385961
123398098
123409244
123419084
123429467
123440625
123451857
123462591
123473210
123484014
123495822
123507445
123518133
123528908
123540273
123552722
123563662
123574669
123585122
123596310
123607492
123618303
123629482
123640400
123652599
123663897
123675206
123686341
123696208
123706174
123716119
123727370
123738724
123750136
123760957
123772957
123784039
123794829
123805839
123817298
123827389
123838470
123848852
123860288
123871389
123882477
123893484
123904244
123914855
123926907
123937914
123949869
123960876
123972034
123982979
123993620
124004249
124014760
124025741
124036439
124046604
124057548
124068930
124079597
124091618
124103260
124114962
124125478
124136634
124147967
124159159
124169684
124181104
124192108
124202982
124213871
124223883
124235667
124246440
124256750
124267618
124279466
124290895
124302731
124313992
124325225
124336568
124347517
124358234
124369405
124380644
124391709
124403425
124414525
124426283
124437585
124449146
124460697
124471611
124482377
124493141
124503290
124513820
124524944
124536421
124546925
124558939
124569418
124580375
124590618
124601969
124613325
124623824
124634849
124646099
124656918
124668720
124680132
124691095
124701198
124712556
124724202
124735072
124747158
124758049
124769437
124780446
124791182
124801443
124812316
124822139
124832833
124844808
124856181
124866314
124876550
124886719
124897772
124911356
124922203
124933336
124943271
124954828
124966754
124978859
124991125
125003931
125015993
125028299
125040907
125053631
125066172
125077796
125092277
125105470
125119054
125133526
125146185
125158221
125168881
125184310
143197488
143209226
143224696
143236573
143249149
143263004
143274555
143286780
143307452
143334483
143381599
143414425
143440920
143464864
143489106
143505422
143518648
143529125
143540031
143555878
143571365
143587451
143603848
143621155
143637874
143653706
143671199
143688931
143704985
143720944
143736344
143753619
143771282
143790053
143812041
143833312
143852438
143872250
143893829
143913637
143934515
143971179
144001282
144038277
144066438
144105983
144306655
144355432
144396364
144413262
144427693
144442407
144458193
144474466
144491176
144507697
144525415
144542700
144558560
144574801
144616441
144638828
144659159
144684559
144712303
144735972
144824889
144888012
144917410
144940905
144961863
144981314
145000804
145021966
145046989
145074081
145099990
145135378
145161859
145186746
145209546
145228674
145246701
145266733
145285732
145314369
145397594
145414375
145434913
145458106
145479636
145510201
145534698
145558712
145577313
145596815
145620030
145646326
145670273
145693871
145718000
145742286
145764721
145786353
145808578
145829567
145850514
145872326
145894709
145916569
145937856
145962090
145985913
146006305
146029247
146049875
146066316
146092600
146125663
146140548
146158377
146179056
146203624
146231001
146257115
146295884
146325040
146346359
146371443
146391118
146413424
146437087
146460996
146485463
146529253
146558708
146587220
146614232
146641318
146667506
146694023
146719460
146747139
146773073
146799673
146825416
146852430
146877527
146904120
146933973
146954959
146972348
146989363
147005449
147021777
147042316
147063288
147082747
147103215
147123369
147145031
147170017
147194221
147219756
147242504
147265404
147286140
147306760
147326175
147347139
147368602
147390184
147410137
147429062
147449054
147468270
147487866
147506646
147525213
147548898
147573992
147599188
147620845
147645385
147670455
147694741
147718239
147741649
147765012
147789068
147814024
147838624
147862693
147886554
147909948
147933334
147957241
147982943
148007865
148031579
148051141
148073076
148098789
148114972
148131754
148150545
148171798
148198793
148238653
148260624
148279741
148300043
148319991
148339250
148359224
148378010
148395264
148414100
148433866
148454191
148472786
148490142
148508982
148526854
148550132
148576480
148593628
148623950
148661714
148712342
148806717
148827102
148846617
148867579
148887630
148910287
148931570
148951995
148971488
148994366
149014425
149031892
149047732
149063529
149078491
149096851
149117089
149137746
149154656
149170264
149191320
149216984
149253233
149298415
149370150
149394195
149421088
149447219
149473003
149494346
149556826
149578505
149598389
149618230
149638032
149658803
149680292
149698049
149719267
149740294
149762925
149786042
149809624
149847068
149887202
149909495
149931251
149953423
149978650
150004761
150030276
150056557
150081561
150106911
150132235
150156445
150179710
150203687
150228126
150251224
150273708
150296521
150318957
150341748
150364240
150386720
150409575
150433259
150456934
150479730
150501813
150523726
150546594
150567106
150585931
150608814
150631761
150655732
150680486
150705402
150729095
150754412
150780405
150804230
150827645
150851804
150875108
150899711
150922473
150943964
150966005
150987776
151010639
151033632
151056211
151077810
151099978
151123212
151144352
151167570
151190509
151211766
151233197
151255424
151278272
151298764
151322603
151345654
151368253
151392436
151414635
151436457
151457469
151480332
151504613
151528415
151552312
151575833
151600166
151623330
151648076
151671730
151696488
151719531
151744661
151768989
151792129
151815641
151838921
151863274
151888258
151911921
151938242
151964033
151989244
152013826
152038578
152064951
152087710
152109830
152132547
152155730
152180164
152203258
152220639
152242626
152263283
152282156
152300167
152312529
152334988
152356201
152380362
152404364
152426909
152448704
152471723
152493920
152516404
152541003
152563070
152587776
152621393
152644592
152667306
152687196
152708638
152731116
152753758
152774537
152798302
152820635
152842237
152865444
152888157
152910564
152932057
152953343
152974886
152997915
153019160
153041727
153065182
153087720
153109467
153132437
153156204
153180303
153203652
153227178
153250941
153274688
153298195
153321133
153344259
153366473
153388926
153411139
153432279
153453766
153475148
153499574
153523415
153546556
153569843
153592295
153615267
153636625
153658674
153680078
153701481
153723072
153746251
153770121
153790598
153814994
153836903
153858876
153880451
153901962
153923359
153944597
153965432
153986788
154007177
154031489
154055898
154080220
154104411
154128407
154152377
154175096
154198740
154219789
154241502
154264019
154286200
154308800
154330879
154353359
154376589
154400513
154423979
154447369
154471018
154494135
154516242
154540338
154561594
154583326
154603806
154628016
154653133
154677738
154701711
154725697
154749786
154773411
154797947
154822284
154846932
154870149
154895709
154921286
154945111
154966078
154987378
155008693
155030577
155051563
155072737
155095888
155119690
155141328
155164957
155186598
155208825
155230906
155252526
155273429
155294817
155317241
155338118
155360506
155383240
155407193
155429844
155452789
155476639
155498199
155521276
155543691
155564191
155587208
155610145
155631246
155654271
155675525
155697194
155720417
155743117
155764425
155786665
155809884
155832215
155854743
155878041
155902261
155923741
155945581
155968773
155992331
156016310
156039321
156061809
156084599
156109859
156133894
156155664
156177848
156201334
156224951
156246317
156267605
156289561
156310893
156331687
156353973
156378112
156400672
156423442
156446106
156468874
156491391
156513512
156537193
156560594
156584042
156606595
156630575
156652781
156673436
156695696
156719104
156740925
156762828
156786086
156810221
156834279
156855007
156874116
156892004
156912869
156933377
156955377
156979343
157004014
157028592
157052669
157078354
157101459
157125046
157148036
157172340
157196243
157220325
157244117
157265959
157288193
157310593
157333673
157355569
157379652
157405315
157430467
157454583
157480174
157504923
157528148
157550539
157574710
157596909
157619761
157643080
157666681
157689341
157711059
157734497
157757406
157778902
157801142
157823609
157845864
157869303
157893292
157916297
157939773
157963672
157987314
158011225
158035740
158059826
158083619
158106058
158129848
158154480
158179755
158201963
158224069
158242585
158264539
158286774
158306001
158322673
158341438
158360774
158382425
158404339
158426522
158448996
158470578
158492282
158514626
158537871
158559214
158580090
158602097
158622720
158642638
158662855
158683502
158704710
158726134
158749477
158770675
158793473
158817100
158841071
158863602
158886653
158910685
158934185
158954929
158976651
158999705
159022907
159046506
159068599
159093422
159116615
159140804
159164221
159188134
159209146
159233360
159257691
159280518
159303996
159324869
159346410
159369339
159390777
159411096
159431155
159450934
159470098
159492859
159516683
159538439
159559786
159579504
159600934
159620173
159643376
159667448
159691382
159714503
159735531
159758525
159780917
159803637
159825153
159847653
159870546
159894464
159918654
159939312
159962459
159987063
160012411
160037250
160061808
160085707
160109242
160130539
160152619
160174664
160196232
160220005
160244706
160268339
160291014
160315358
160340152
160362657
160386811
160411326
160435059
160459277
160482076
160504466
160527996
160551084
160574339
160597315
160621196
160644713
160667981
160690637
160712467
160736168
160759345
160783064
160805373
160827669
160850746
160875054
160898005
160922836
160945277
160968305
160990581
161013758
161036701
161056750
161079097
161101729
161124229
161147428
161168493
161191305
161213230
161233893
161257883
161282340
161306855
161329514
161354333
161377215
161401411
161423748
161452919
161484576
161509714
161530898
161550895
161573559
161602645
161623439
161645983
161675443
161699177
161722490
161745986
161770036
161794946
161818864
161842444
161867625
161893601
161918625
161944294
161969320
161992237
162015904
162040429
162065069
162090095
162115539
162140823
162165692
162191108
162216328
162241347
162266418
162291445
162315956
162340559
162365031
162387720
162412423
162436361
162459750
162482424
162504982
162528520
162552988
162576728
162600134
162624073
162648849
162673747
162698352
162723235
162746662
162768392
162790666
162815503
162840198
162864129
162888831
162913153
162937371
162961098
162984886
163008915
163031953
163055162
163077128
163099648
163122890
163146182
163170115
163194217
163219320
163244131
163268657
163293389
163318397
163342805
163366171
163389107
163410910
163434330
163458556
163482661
163505802
163529542
163552530
163576901
163598902
163621664
163642714
163666418
163691415
163715025
163738113
163759724
163783082
163806625
163830845
163852912
163875863
163899238
163922051
163945297
163968678
163992637
164014832
164038549
164061708
164085154
164109140
164129446
164153275
164176689
164200802
164222525
164246727
164270141
164292118
164316562
164340330
164363920
164388579
164412747
164436930
164460075
164482378
164505889
164528940
164551940
164575192
164598848
164622690
164646276
164669961
164692655
164716737
164741248
164765947
164790296
164814586
164838856
164863289
164887053
164909199
164933049
164956243
164979309
165001834
165023019
165045479
165067925
165088977
165108844
165131242
165153458
165176018
165198667
165222143
165246511
165270797
165295341
165319936
165344768
165367429
165391168
165414686
165438624
165462346
165485652
165510083
165534115
165558360
165582520
165606623
165631203
165657028
165680965
165704727
165729521
165754607
165779088
165803455
165827070
165850038
165874065
165897914
165921779
165946255
165969776
165993683
166017727
166041886
166065723
166088543
166110417
166133274
166156353
166178639
166202615
166225448
166246633
166267668
166290217
166313612
166337668
166361062
166385133
166407749
166427953
166451324
166476289
166500416
166523448
166547105
166569518
166593180
166616310
166639350
166661722
166684688
166708047
166730480
166752826
166776773
166799165
166822179
166845086
166869000
166892468
166916785
166941503
166967618
166991903
167015671
167039874
167063531
167085997
167108963
167129727
167154100
167178462
167202208
167224998
167248778
167272636
167296622
167319567
167343455
167366769
167390691
167414799
167437984
167461367
167485867
167508800
167533442
167557621
167582483
167606674
167631609
167655477
167678873
167701461
167724619
167748615
167772878
167797984
167822091
167845536
167868796
167892060
167916292
167939453
167962477
167985900
168009398
168033302
168056364
168080523
168104080
168129104
168153265
168177975
168202384
168225643
168248129
168272621
168297728
168321993
168346872
168369549
168394133
168418596
168442493
168466018
168488957
168513416
168537029
168557770
168580456
168602412
168625312
168648309
168670841
168693908
168716176
168737993
168759975
168783118
168806047
168829550
168852741
168876183
168899213
168923619
168947254
168970679
168994470
169018421
169042250
169066053
169089817
169112745
169136518
169162704
169188191
169214158
169239078
169262019
169285277
169309939
169334625
169358188
169382929
169406785
169431590
169457902
169482880
169507086
169531524
169554211
169578734
169603217
169625574
169650012
169673130
169697077
169719933
169743031
169767266
169791656
169814416
169839250
169861919
169885666
169910090
169935648
169961133
169986147
170009867
170033774
170057100
170080250
170101615
170122264
170145994
170170413
170195192
170219698
170243614
170267682
170291056
170315977
170340192
170364516
170388348
170413562
170437446
170462268
170486401
170512211
170536954
170560095
170584693
170608892
170632314
170655606
170676972
170699278
170721878
170744882
170768120
170791663
170814973
170837676
170861115
170885017
170908219
170931981
170954918
170977697
171000839
171023779
171046980
171070374
171093523
171114947
171138830
171163001
171187445
171211560
171237178
171260951
171284376
171307901
171331556
171355741
171376733
171398068
171422175
171445501
171468662
171491743
171514677
171537336
171558873
171582284
171605147
171629096
171652583
171677435
171700759
171726199
171751058
171776890
171799897
171825156
171849986
171875841
171900580
171925518
171950380
171975475
172000594
172025507
172049081
172071188
172094864
172119304
172144329
172169073
172193295
172216971
172239741
172263934
172289183
172313168
172336378
172362234
172387915
172413981
172438907
172463423
172488634
172513825
172537946
172562416
172586109
172609036
172632242
172656087
172679031
172701870
172726776
172750688
172775264
172799687
172823052
172848448
172873497
172898596
172923613
172948866
172974167
172996494
173022237
173047329
173071682
173095283
173119898
173143379
173165031
173188970
173213928
173237633
173262595
173288883
173314568
173337944
173363219
173386845
173412585
173437637
173462640
173486698
173511935
173536818
173561564
173587099
173612353
173637048
173662047
173687895
173712625
173735846
173761478
173787439
173812335
173835577
173859513
173879060
173902957
173925650
173950104
173974259
173998111
174022627
174046661
174069748
174093972
174119320
174144217
174167732
174191084
174214530
174236955
174258822
174283054
174306709
174329635
174351703
174374022
174394162
174418096
174440588
174463301
174486912
174510081
174533188
174553451
174576983
174598746
174617117
174634521
174653527
174676532
174699687
174722986
174747367
174772056
174795604
174819783
174844352
174867057
174890922
174914747
174938954
174963487
174989240
175011440
175034671
175057650
175080544
175103436
175125631
175148813
175172311
175196363
175220375
175241461
175263489
175286959
175310249
175334091
175358021
175380658
175403775
175426357
175448413
175471108
175493812
175516825
175539435
175562508
175585486
175608664
175631339
175654537
175677330
175699780
175722315
175744713
175767528
175790254
175814095
175837999
175861964
175885979
175910385
175935371
175958652
175982183
176002121
176022285
176045382
176067745
176090759
176113726
176136253
176159364
176181736
176204452
176226961
176251368
176276288
176300313
176322718
176347022
176371125
176395963
176418705
176443009
176467014
176490702
176515250
176540111
176563943
176587972
176611272
176635108
176658066
176681662
176704473
176728100
176751526
176774444
176797915
176822479
176847158
176869543
176892540
176915983
176939767
176963396
176987197
177010607
177032940
177055956
177079366
177103148
177126320
177149679
177172804
177196762
177220831
177245349
177269321
177292670
177316963
177340519
177364227
177386984
177407796
177431183
177456415
177480477
177504317
177528414
177551308
177574143
177597943
177622115
177643564
177667825
177688424
177710185
177733492
177756960
177778352
177801619
177824018
177846537
177869758
177893414
177917253
177941308
177964570
177988972
178013587
178038255
178061921
178086474
178110490
178134786
178158812
178182695
178207043
178231460
178255436
178279356
178303471
178326706
178351388
178376310
178401120
178425906
178450931
178475177
178498708
178521554
178545759
178571143
178597002
178621911
178647245
178671581
178695922
178719700
178742429
178766197
178789059
178812600
178836296
178858931
178882397
178906841
178931264
178955076
178978733
179002245
179026980
179049829
179074244
179095407
179116951
179138863
179163087
179187016
179210567
179232867
179256388
179280376
179303905
179327947
179351589
179375358
179399378
179422895
179447993
179471420
179495779
179520767
179544596
179569122
179592994
179617906
179642382
179666877
179690669
179716011
179741454
179766779
179791745
179815387
179839250
179863823
179886970
179910510
179935306
179960374
179984707
180008958
180032622
180056858
180081650
180105567
180130034
180154534
180177708
180199134
180223640
180246405
180269111
180292662
180316667
180339893
180364357
180388918
180413085
180437282
180460688
180485052
180507985
180532119
180556651
180581573
180605222
180628813
180652538
180674976
180697525
180720471
180744366
180766917
180790838
180815065
180838963
180862980
180888502
180912500
180934555
180956290
180980620
181004531
181027013
181050315
181074413
181097514
181120792
181145928
181171803
181196405
181221997
181246426
181269405
181291743
181316930
181341728
181366368
181391337
181417085
181441452
181467716
181491807
181515791
181541275
181565365
181589571
181613725
181638551
181663140
181687960
181712423
181734799
181758585
181782480
181804751
181829633
181853389
181876712
181899384
181923098
181946504
181968905
181992889
182017551
182042691
182067467
182092641
182118127
182143810
182169648
182194823
182219993
182244794
182269736
182294579
182318974
182342981
182367669
182389982
182413367
182438449
182462189
182486380
182509859
182533045
182556914
182581127
182603343
182627493
182650892
182675285
182699362
182723442
182746454
182770958
182795809
182820774
182844788
182865854
182887494
182910983
182935156
182958232
182982656
183008452
183031960
183056462
183081196
183105632
183129065
183151878
183176308
183202487
183227537
183251244
183275147
183298372
183322755
183347074
183370621
183393665
183416214
183438834
183463777
183487731
183512309
183536607
183559115
183582706
183607239
183631639
183656799
183681369
183706901
183732535
183757921
183783844
183809335
183834040
183859085
183883762
183908084
183932595
183956808
183980627
184005771
184030894
184055231
184080494
184106016
184130644
184154170
184179049
184202589
184226318
184249593
184273396
184297905
184322293
184344988
184368803
184392403
184417067
184441271
184465902
184490238
184514691
184539425
184564447
184588670
184613806
184638188
184662425
184686566
184711523
184736155
184760688
184785534
184808100
184832054
184857683
184882554
184906135
184930830
184955310
184978776
185001801
185023365
185045984
185068189
185090153
185113273
185137595
185160828
185183858
185207104
185230378
185253756
185276267
185300898
185324842
185350725
185375756
185398602
185423221
185446762
185470702
185494636
185517994
185541816
185566020
185588592
185612229
185635482
185656803
185681333
185706162
185728080
185752718
185777724
185800240
185824905
185848837
185872859
185894707
185918716
185942683
185964953
185988974
186011464
186035034
186057736
186080827
186103434
186126257
186148969
186169733
186192568
186215772
186238843
186261497
186285085
186307559
186328957
186350241
186372293
186394251
186416922
186440756
186464987
186490243
186514220
186538047
186560568
186584232
186606620
186630356
186652577
186674490
186696692
186719121
186741013
186762424
186784140
186806404
186828010
186850792
186872991
186895862
186918541
186941534
186965427
186989180
187012780
187037001
187060669
187083657
187107731
187131475
187153331
187176559
187199321
187222527
187246059
187269144
187292087
187314707
187337346
187361908
187385421
187408801
187432453
187456525
187480316
187504474
187527421
187549128
187572207
187595775
187619158
187641372
187665144
187688903
187711903
187733941
187757678
187780160
187803627
187824694
187847043
187869389
187892545
187916057
187939471
187961846
187983949
188006650
188028648
188050613
188073472
188095548
188117884
188140747
188163384
188185383
188207974
188230459
188252229
188274303
188297112
188320149
188342744
188365183
188387864
188410271
188432538
188454748
188477476
188499298
188520661
188542391
188563768
188586270
188607310
188628349
188650189
188671818
188693239
188715076
188737322
188757695
188779913
188802498
188824085
188845817
188866925
188888783
188910272
188932256
188953794
188975433
188996750
189017651
189038637
189059899
189080497
189101068
189122146
189143385
189165762
189188447
189209866
189231036
189252896
189343970
189365651
189387102
189408740
189430021
189452042
189472630
189493671
189515779
189537977
189560716
189581839
189604014
189626263
189648679
189671517
189694909
189717362
189739003
189760139
189781948
189804072
189826483
189848107
189869859
189891327
189912786
189934041
189955299
189976776
189998159
190019285
190039718
190060497
190080748
190101150
190122732
190144252
190164954
190186097
190206651
190227933
190249405
190270019
190289956
190310569
190331707
190352546
190373407
190394173
190415101
190436741
190457202
190477189
190497858
190518958
190539784
190560559
190580756
190601875
190622079
190643125
190663726
190684897
190705803
190726847
190746533
190768107
190789494
190810742
190832145
190853670
190875396
190897806
190919376
190941160
190963039
190984171
191006256
191028119
191049711
191070841
191091984
191114838
191137752
191160967
191183247
191205279
191227408
191249409
191271485
191293647
191316588
191338942
191361591
191383298
191405831
191428683
191449852
191472370
191494685
191517227
191540143
191563090
191584929
191608352
191630726
191653787
191676797
191699905
191723336
191746712
191769300
191792997
191815645
191837792
191861017
191884839
191908652
191931479
191953876
191976736
191999660
192021157
192043097
192065404
192088107
192109606
192132689
192155211
192177793
192200340
192222507
192245186
192267542
192290561
192313674
192336765
192359777
192383280
192407234
192429882
192453507
192477897
192499831
192521612
192545761
192570827
192594655
192619199
192643358
192666579
192690281
192715263
192739835
192763867
192789264
192814061
192838749
192862728
192888009
192912168
192937155
192961912
192986855
193011594
193035952
193059928
193082902
193106620
193129067
193150525
193172702
193195304
193217677
193239772
193262194
193285804
193310333
193335206
193360322
193384506
193409411
193434518
193457004
193480869
193504075
193526679
193548188
193569374
193591115
193613297
193635581
193657163
193678982
193700830
193724016
193745925
193767734
193789667
193811462
193833090
193854386
193874758
193896205
193919010
193941672
193963556
193986581
194008865
194029342
194051209
194074910
194098392
194120914
194144461
194167950
194191708
194213953
194236648
194259667
194281763
194304421
194325849
194347898
194370181
194393022
194414893
194435409
194456795
194478459
194498857
194520121
194541890
194563878
194585975
194607940
194628413
194649695
194670751
194692000
194713786
194735232
194756779
194778489
194800629
194823118
194845513
194867554
194889753
194912194
194935057
194957755
194979137
195000350
195021696
195042886
195063700
195085432
195106841
195127970
195149429
195170953
195192701
195213933
195235118
195256481
195278248
195300384
195322305
195344598
195366310
195388237
195410370
195432613
195454882
195476823
195499892
195523219
195545952
195567300
195589444
195611251
195633025
195654991
195677747
195700344
195722822
195745271
195767153
195788422
195809679
195831585
195853284
195876055
195897292
195919114
195941960
195963726
195985373
196006136
196027230
196048149
196069678
196092349
196113670
196135772
196157410
196178669
196199327
196221080
196244033
196265571
196287254
196309179
196330751
196351702
196373322
196394839
196416884
196438123
196459821
196481683
196503721
196525706
196548753
196570600
196593343
196615887
196637752
196659659
196680755
196700830
196721848
196742714
196764404
196787313
196810808
196835052
196857911
196879105
196900542
196920628
196940433
196961419
196983929
197004648
197027250
197049850
197072318
197095544
197117041
197140198
197163838
197188324
197211877
197236408
197260290
197284764
197307850
197330505
197352985
197374960
197398370
197420897
197441779
197463784
197486930
197510631
197536132
197559596
197582209
197606506
197628913
197652091
197676153
197700052
197724023
197748864
197772127
197795633
197817937
197840958
197865177
197888079
197911663
197933603
197957515
197981185
198005066
198028762
198052005
198076527
198101268
198127070
198151502
198174634
198200163
198223817
198247381
198270381
198295244
198317935
198342383
198366526
198391669
198416087
198439925
198463664
198488160
198512848
198536878
198561075
198585286
198609420
198633594
198657726
198681191
198705190
198729024
198752176
198773879
198798290
198822472
198845898
198870028
198893314
198917825
198941764
198964763
198988612
199012169
199035626
199059482
199083615
199106639
199130128
199154530
199178876
199202456
199226320
199250585
199274349
199298027
199322252
199345726
199368491
199392583
199416885
199440563
199464101
199488240
199512057
199535876
199559545
199583725
199607328
199631786
199655185
199680673
199706758
199731875
199757303
199782542
199808346
199833413
199858709
199883361
199906452
199931085
199955074
199979235
200003898
200028764
200051205
200075171
200099294
200123617
200148171
200173444
200196132
200219887
200244542
200268880
200293016
200317636
200342508
200367251
200393159
200416094
200440684
200465683
200490742
200514414
200538143
200561708
200586094
200611281
200635994
200659191
200682373
200707285
200731093
200755283
200780482
200805295
200828954
200853406
200878445
200900858
200924479
200949447
200973363
200995909
201018373
201041912
201063417
201084760
201105886
201128517
201150940
201174883
201197651
201216450
201236868
201257974
201279736
201302564
201324473
201346960
201368412
201390491
201413504
201436522
201461035
201482643
201507372
201532680
201556966
201581579
201605537
201629347
201652728
201676848
201701446
201726259
201751378
201777332
201801654
201827149
201851411
201874408
201897190
201920740
201943584
201965778
201989375
202012002
202034699
202058121
202081759
202105333
202128511
202152326
202173857
202195008
202217448
202241561
202265133
202289387
202312932
202336587
202360687
202385058
202410527
202436755
202461208
202487376
202513561
202540256
202566986
202591431
202615871
202639278
202662890
202686804
202710213
202733476
202755643
202777747
202800219
202822191
202846166
202869845
202893052
202916837
202939749
202963424
202986604
203010578
203033803
203055964
203079624
203103679
203128612
203153290
203176240
203199254
203222265
203244871
203268869
203293547
203315532
203339207
203361870
203385202
203408487
203432022
203455390
203478892
203500772
203523863
203547135
203570275
203592989
203617510
203641921
203667476
203692702
203717430
203741249
203764812
203787671
203809836
203832487
203854616
203877406
203901560
203925389
203950602
203975170
203999505
204023312
204046690
204070404
204093977
204118210
204141221
204163639
204187133
204210972
204235035
204258709
204282488
204307747
204332329
204357097
204380926
204406119
204428338
204452249
204475023
204498917
204520391
204541582
204563359
204587003
204611674
204635411
204660851
204685863
204709237
204732990
204757643
204781412
204805377
204830182
204855050
204879382
204904436
204929330
204953985
204977665
205001185
205024577
205048577
205071387
205095067
205118671
205143636
205168939
205193561
205217027
205241448
205266076
205288970
205311602
205335785
205359639
205384628
205408674
205432468
205455563
205479163
205503212
205526677
205551060
205575828
205599661
205622621
205645204
205669033
205692840
205717906
205741801
205764692
205788865
205812771
205838163
205860905
205883731
205905829
205928282
205951005
205974850
205999115
206022448
206046571
206068046
206092882
206116226
206139380
206164164
206191520
206217418
206244842
206273768
206303189
206327596
206352406
206378802
206402792
206427657
206452450
206474837
206494998
206519353
206543543
206569270
206594078
206617937
206640835
206664481
206689120
206713530
206736945
206760997
206783710
206807226
206830631
206853733
206877939
206902193
206924774
206947139
206969359
206993398
207017082
207040291
207063380
207088062
207112102
207136907
207162197
207187587
207210768
207235298
207261085
207285983
207311001
207334645
207359404
207385745
207410129
207433984
207457998
207480690
207504473
207526957
207581453
207605285
207628202
207651784
207675837
207699138
207722220
207744293
207768339
207793257
207817496
207841435
207865974
207889776
207914260
207939187
207964559
207988940
208012235
208034875
208057899
208081694
208105285
208129380
208153713
208177818
208201327
208224384
208247160
208269425
208292020
208314907
208338332
208361943
208385388
208408748
208432283
208456140
208479940
208504111
208528849
208552863
208577431
208601469
208625884
208649372
208673798
208697645
208721322
208745268
208769166
208792513
208816914
208840532
208863743
208887826
208911902
208935280
208958789
208981788
209004287
209027537
209051267
209074685
209098203
209122173
209143938
209167968
209191278
209215932
209240498
209264719
209288178
209311684
209334872
209358793
209382820
209406454
209429918
209453203
209477291
209501511
209524913
209548125
209571558
209595008
209617292
209638522
209661916
209686465
209711465
209736883
209762462
209784310
209807772
209833714
209857645
209881238
209906320
209935317
209958120
209980236
210003598
210027474
210051376
210075024
210098220
210121570
210145059
210168845
210192501
210216019
210239031
210263160
210287834
210312994
210337177
210361271
210384205
210407597
210429887
210452012
210475153
210498365
210521980
210544914
210568311
210590599
210614127
210636775
210660526
210683596
210707478
210731597
210756408
210781547
210806061
210830936
210853871
210876982
210900300
210923947
210948617
210970201
210991149
211012917
211036634
211060439
211084133
211108703
211133029
211158154
211183304
211207556
211230758
211254317
211275390
211299971
211325951
211350673
211375387
211399166
211421917
211446003
211468565
211492012
211514967
211538914
211562647
211586647
211611427
211635479
211659183
211684063
211709122
211733824
211758589
211784387
211809659
211834908
211860300
211884513
211907086
211932041
211956675
211981516
212006554
212030508
212053261
212076946
212100780
212125298
212150520
212175416
212199477
212223963
212249416
212275602
212299112
212321981
212346909
212370204
212393607
212417462
212442906
212467355
212491367
212516205
212541230
212565722
212590266
212614799
212638193
212663637
212688249
212713119
212738210
212763439
212786582
212810236
212834878
212858624
212882609
212906892
212929644
212953425
212976830
213000507
213023588
213047170
213070325
213094445
213117539
213141911
213163921
213187591
213211152
213233523
213257764
213282017
213307116
213331847
213356940
213381305
213405522
213429265
213454039
213479469
213503957
213527408
213551888
213576116
213600050
213623993
213645889
213670554
213695489
213719380
213743467
213767062
213790919
213814405
213838780
213863141
213887746
213912681
213936341
213960647
213983094
214004632
214028935
214052924
214076599
214100661
214125034
214149002
214172711
214196975
214221449
214246535
214271357
214293386
214318059
214342191
214366648
214390150
214413654
214437995
214462283
214486314
214510128
214533885
214557603
214581679
214605738
214628679
214650727
214674379
214699030
214723511
214748705
214772700
214796442
214821722
214846476
214871116
214895507
214920696
214945684
214970653
214995033
215019625
215044621
215068783
215092341
215115882
215140445
215164716
215188740
215212137
215235787
215259842
215282602
215306033
215329327
215352457
215373498
215393714
215414926
215437675
215460382
215483750
215507426
215530885
215553625
215577177
215600888
215623871
215645941
215668745
215690177
215713256
215736438
215759790
215782412
215804516
215827592
215850521
215873497
215895986
215919155
215942582
215965459
215988390
216010514
216032560
216055034
216077411
216099444
216122387
216145490
216167008
216189606
216211165
216233610
216255336
216278064
216299808
216323081
216344708
216367560
216390128
216413095
216435408
216458690
216481236
216502087
216523968
216546294
216568317
216590739
216614591
216637601
216660414
216682977
216706076
216729417
216752801
216775326
216797367
216820088
216843182
216867051
216890190
216913139
216935683
216958745
216981210
217003616
217026594
217048862
217072102
217095171
217117760
217139173
217162021
217183573
217205016
217226382
217248530
217270468
217292108
217314001
217336561
217359020
217381647
217404254
217427072
217450109
217474242
217498945
217523318
217546692
217570428
217594706
217618635
217641872
217665122
217688889
217711004
217734277
217757342
217780344
217802925
217825652
217849319
217872026
217894096
217916576
217939170
217963307
217987163
218012279
218037810
218060958
218083144
218105123
218127696
218151334
218174533
218198312
218222328
218244635
218267028
218289941
218314441
218338566
218362570
218385887
218408959
218431949
218454048
218477513
218500593
218524165
218548566
218571997
218595202
218617688
218641444
218665173
218688103
218712067
218735510
218757909
218780911
218803493
218825918
218848786
218871122
218893638
218916666
218939496
218962908
218987036
219010593
219035229
219059598
219083743
219107199
219130611
219155146
219178823
219201846
219225081
219248064
219271883
219296164
219320437
219344598
219369104
219393416
219417167
219441853
219465393
219489326
219512780
219537317
219560831
219584506
219609300
219633255
219656676
219680319
219704287
219728005
219751795
219775037
219798386
219821691
219843637
219864434
219886936
219909389
219933731
219957668
219981147
220005184
220029546
220052903
220076487
220098805
220121938
220145356
220169135
220192954
220217178
220242747
220266538
220290879
220314838
220338561
220361880
220386047
220410075
220433845
220458649
220481099
220505674
220529776
220553757
220579015
220603818
220628261
220653170
220677864
220701076
220724934
220749063
220773544
220797831
220821900
220847143
220871386
220892762
220916535
220940991
220965401
220989669
221013909
221038243
221061761
221085532
221108922
221131687
221154697
221178645
221202462
221225978
221249733
221273253
221297825
221323341
221347967
221373061
221395963
221419889
221443315
221467225
221490864
221514905
221536981
221559833
221582946
221606433
221629058
221651674
221675333
221699607
221723660
221746577
221770644
221793762
221817908
221840867
221864418
221888435
221913041
221937199
221960590
221980172
222004381
222028438
222053237
222078554
222104156
222128726
222151993
222176608
222201175
222226733
222252346
222277294
222301348
222326066
222350471
222374345
222397798
222423144
222448304
222471720
222493410
222518033
222542277
222566251
222590412
222616491
222639636
222663301
222687664
222711817
222734172
222758391
222781889
222805194
222829630
222855101
222879540
222905087
222932304
222956707
222982197
223006564
223029194
223051993
223075774
223099847
223121877
223146587
223170814
223193559
223218037
223242191
223266318
223290026
223314881
223339442
223363591
223385098
223405565
223429641
223451085
223474081
223496513
223518983
223541801
223615286
223638371
223661197
223684203
223708597
223733203
223757168
223781165
223804480
223828423
223852172
223877171
223902396
223926510
223952125
223975229
223997822
224018355
224043837
224068223
224093493
224117238
224140379
224162977
224185618
224207898
224231837
224255033
224279412
224303991
224328150
224351542
224374509
224398836
224421466
224444894
224469513
224495088
224519929
224545321
224569943
224594555
224619810
224643815
224668577
224692991
224718027
224741880
224765766
224790572
224814915
224838759
224862791
224888317
224913325
224938409
224962533
224986800
225011792
225037088
225060531
225084501
225107667
225131577
225156730
225179653
225203846
225227460
225252767
225277526
225303363
225328398
225352029
225376339
225400606
225424011
225447331
225471197
225494396
225518466
225542178
225565597
225589800
225613429
225636631
225659210
225683407
225707593
225731574
225755579
225780056
225802697
225826593
225847956
225870983
225893126
225917789
225939934
225963790
225985526
226008201
226032707
226056487
226075533
226099180
226121889
226144123
226167238
226189323
226213736
226237562
226262535
226286455
226309466
226332839
226356806
226378293
226399533
226421794
226445355
226469936
226495338
226520247
226545159
226569801
226594700
226619038
226641099
226662910
226686707
226709604
226732160
226753651
226778125
226802535
226827717
226852793
226877394
226899423
226924310
226947483
226969748
226988780
227011747
227035426
227059660
227083176
227107196
227131178
227153922
227177829
227201246
227224105
227248010
227271546
227294136
227317225
227340991
227365672
227389536
227413859
227438497
227462833
227487284
227510808
227536471
227560300
227583569
227607301
227632172
227656007
227681271
227706565
227729436
227749669
227772167
227795270
227818302
227842820
227866792
227890540
227912771
227934274
227955717
227979246
228004489
228027702
228051007
228071644
228092941
228112900
228138727
228159052
228179251
228203521
228223982
228247717
228272057
228289586
228309241
228330996
228351398
228371061
228392171
228413748
228436579
228458925
228481786
228526341
228547946
228633662
228663052
228687564
228712035
228736568
228761011
228784582
228809140
228834237
228858870
228883511
228907979
228932879
228956107
228979399
229002735
229026052
229050064
229073621
229098728
229122923
229147779
229171445
229194897
229219774
229243570
229267953
229291609
229315832
229340229
229363411
229387180
229409646
229430890
229451861
229475614
229498840
229522055
229544904
229567936
229591452
229614714
229636191
229658553
229684956
229709258
229732961
229756171
229779581
229802839
229826192
229849691
229871757
229895544
229919505
229942186
229965096
229987566
230009901
230032257
230055509
230077616
230100350
230123622
230146094
230169428
230192884
230216369
230240359
230263295
230284328
230306916
230329318
230352279
230375462
230396946
230420163
230443443
230467784
230492625
230517120
230541323
230565455
230589382
230612726
230636529
230659968
230683673
230706787
230729937
230752503
230775517
230798170
230821706
230846413
230870619
230894455
230918775
230944917
230970199
230994148
231018657
231041411
231065144
231088596
231113007
231135583
231159163
231180908
231202720
231224777
231248457
231271890
231295196
231319400
231340599
231363893
231388133
231411240
231432464
231458117
231484148
231510037
231534616
231557999
231580848
231605070
231629852
231653825
231678895
231703248
231727269
231751408
231775498
231799525
231823521
231847941
231872453
231896927
231920697
231944703
231968653
231993201
232018242
232042033
232067350
232092036
232116401
232139700
232164288
232188110
232212075
232234185
232258192
232282440
232307082
232331599
232354330
232378108
232400543
232423527
232445839
232468883
232492829
232515934
232539372
232562811
232586608
232610319
232632723
232655514
232678668
232702042
232725427
232748483
232771100
232794390
232816838
232840769
232865501
232889441
232913824
232938682
232962738
232986600
233010602
233035109
233060191
233085193
233110316
233133666
233158692
233183006
233207555
233231936
233256499
233280824
233305544
233329474
233353835
233377697
233401454
233424700
233448385
233471268
233493508
233515428
233538745
233562394
233585283
233608492
233631003
233654585
233678226
233702179
233726536
233749994
233774692
233798805
233822758
233847440
233871577
233894212
233918055
233941648
233964890
233989094
234014140
234039708
234063898
234087473
234110591
234135035
234159383
234184445
234209297
234233136
234256885
234280756
234304833
234328689
234353304
234376376
234398651
234422470
234446490
234469614
234492446
234516458
234540443
234564451
234588621
234609168
234631600
234656361
234680169
234703995
234726427
234749202
234772450
234793526
234816850
234841058
234865626
234889504
234914160
234937747
234961726
234985671
235008398
235031803
235055075
235079379
235102121
235124726
235145526
235166260
235188861
235211205
235233720
235256347
235279285
235301767
235323255
235343981
235366538
235388341
235411376
235434841
235456623
235480129
235503651
235527297
235551731
235574618
235595887
235619876
235644455
235667873
235693237
235718118
235742623
235766829
235791749
235815216
235840115
235865053
235889669
235914101
235938016
235962212
235986374
236010193
236033368
236056324
236079459
236100734
236123874
236146868
236169452
236193082
236217088
236242007
236266185
236290066
236313911
236338434
236363146
236387779
236411768
236436414
236460093
236483027
236505743
236528925
236551141
236573437
236595688
236618797
236642489
236666412
236690625
236713494
236736781
236759733
236783411
236806247
236829616
236853059
236876485
236898833
236922648
236946314
236970220
236994704
237018125
237043607
237066746
237090210
237112729
237134945
237158299
237182272
237206339
237230020
237253392
237276498
237300244
237323526
237346306
237369657
237392111
237415314
237438182
237461233
237484513
237506846
237530260
237552867
237576139
237598275
237619168
237641247
237663938
237685922
237708919
237731562
237755468
237779628
237801188
237823896
237846945
237870280
237890114
237913005
237935424
237958779
237983560
238008040
238032110
238053157
238077917
238102223
238126863
238151370
238175919
238200871
238225296
238249866
238274268
238298496
238323434
238347755
238370619
238393107
238416163
238440007
238464374
238488890
238511600
238534715
238557744
238580657
238603981
238626701
238648208
238671243
238694594
238717065
238740021
238762057
238785023
238808439
238831019
238853147
238875575
238898265
238919987
238942065
238964377
238986739
239008847
239032112
239054791
239077015
239099672
239122071
239145342
239167919
239190785
239212915
239235438
239257715
239279720
239300812
239322868
239344249
239364969
239386397
239408210
239431443
239455322
239479484
239502564
239526510
239549616
239573048
239596772
239619786
239641093
239662940
239686046
239709403
239733537
239757630
239780625
239804830
239828184
239852303
239875955
239899984
239922599
239945148
239967531
239988816
240011440
240034838
240058353
240082148
240104041
240127453
240149393
240172790
240194734
240215237
240238295
240261251
240284228
240307633
240330845
240353792
240376111
240399250
240422612
240445664
240468972
240491725
240513378
240536882
240560435
240584516
240606927
240629287
240651845
240674662
240697253
240721194
240745485
240769238
240793104
240816935
240840538
240864406
240887603
240911868
240935500
240960132
240983608
241007117
241030415
241053937
241077684
241100976
241124874
241148375
241172626
241197231
241221568
241245344
241269016
241293128
241316118
241339931
241363526
241388293
241412759
241435822
241458854
241483070
241506001
241529141
241552581
241576126
241599347
241624153
241647152
241671770
241695835
241719250
241743769
241767742
241791741
241816119
241840418
241862261
241884996
241908499
241932122
241955772
241978076
242000478
242023169
242046247
242068465
242091603
242114501
242137949
242160780
242181945
242205434
242228975
242252639
242275876
242299059
242322763
242346143
242370268
242393192
242414562
242438419
242462140
242485321
242508608
242531240
242554546
242579002
242602292
242624956
242649253
242673298
242696988
242720818
242744746
242767150
242790417
242814718
242838837
242861791
242885502
242909644
242933438
242957771
242983547
243007300
243031091
243054080
243076235
243099736
243123413
243148064
243171477
243196895
243220994
243244641
243267266
243291320
243315159
243338986
243363098
243387953
243413290
243438152
243463073
243486179
243508213
243531701
243555145
243578464
243600933
243623676
243645939
243666187
243688591
243711330
243734707
243757974
243780942
243803835
243825312
243847592
243869740
243894517
243918213
243941966
243966336
243989665
244013299
244037625
244059476
244083140
244105533
244127919
244151250
244173592
244196544
244219636
244242328
244265421
244287626
244310774
244334332
244357338
244379431
244403201
244427557
244450463
244473730
244496000
244520835
244544796
244569904
244594957
244620347
244645569
244667839
244691590
244714196
244737008
244760646
244784560
244807363
244830550
244850200
244868807
244891754
244915042
244938405
244961080
244982202
245006680
245031133
245056397
245081344
245105436
245128937
245153230
245175060
245198698
245222187
245245673
245268811
245292642
245315743
245338550
245362502
245385479
245409725
245433485
245456859
245480280
245505026
245528794
245552532
245576469
245600134
245624316
245649059
245672434
245692621
245714957
245739635
245763188
245786152
245807790
245828272
245851414
245874483
245897793
245921570
245945018
245968249
245992423
246015276
246039270
246062904
246087017
246111138
246135336
246159156
246182213
246205746
246229907
246252097
246275802
246299435
246323419
246346944
246370291
246394926
246418245
246442260
246465201
246489729
246512352
246533898
246555902
246577642
246601432
246623189
246645920
246668156
246691737
246713880
246736022
246759535
246784174
246806207
246829102
246850082
246870233
246892528
246913896
246933704
246958066
246980741
247004204
247026936
247049452
247073833
247097316
247119884
247143819
247166407
247191186
247216280
247241022
247267112
247291068
247313888
247335690
247359736
247382917
247406739
247428263
247450645
247473304
247497582
247521018
247544378
247568339
247590970
247613824
247637521
247662576
247687115
247715176
247739644
247764032
247789016
247812635
247837367
247859925
247881275
247905136
247928898
247951928
247974207
247998263
248022206
248043423
248066327
248086553
248109404
248131782
248154972
248174898
248197386
248220492
248244254
248266485
248290697
248312377
248335939
248359286
248383130
248406426
248428415
248444713
248462898
248481850
248519729
248551962
248577047
248600623
248625010
248647258
248666470
248688670
248712231
248736706
248759809
248782569
248805697
248827263
248848850
248870166
248891383
248911780
248930653
248946420
